"TIME_STEP","P_Event","Turbidity","Verified_OW_Event_Alarm","Ver_Alarm_Start","Ver_Alarm_End","CANARYTurb_Alarm_Start","CANARYTurb_Alarm_End","FULL_MATCH","PARTIAL_MATCH"
"0",0,0,0,0,0,0,0,999,"999"
"2024-10-06 13:45:00",0,3.2,0,0,0,0,0,999,"999"
"2024-10-06 14:00:00",0,3.2,0,0,0,0,0,999,"999"
"2024-10-06 14:15:00",0,3.2,0,0,0,0,0,999,"999"
"2024-10-06 14:30:00",0,3.2,0,0,0,0,0,999,"999"
"2024-10-06 14:45:00",0,2.8,0,0,0,0,0,999,"999"
"2024-10-06 15:00:00",0,2.9,0,0,0,0,0,999,"999"
"2024-10-06 15:15:00",0,3.2,0,0,0,0,0,999,"999"
"2024-10-06 15:30:00",0,3.3,0,0,0,0,0,999,"999"
"2024-10-06 15:45:00",0,3.5,0,0,0,0,0,999,"999"
"2024-10-06 16:00:00",0,3.2,0,0,0,0,0,999,"999"
"2024-10-06 16:15:00",0,3.2,0,0,0,0,0,999,"999"
"2024-10-06 16:30:00",0,3.1,0,0,0,0,0,999,"999"
"2024-10-06 16:45:00",0,3.5,0,0,0,0,0,999,"999"
"2024-10-06 17:00:00",0,3.4,0,0,0,0,0,999,"999"
"2024-10-06 17:15:00",0,2.9,0,0,0,0,0,999,"999"
"2024-10-06 17:30:00",0,3,0,0,0,0,0,999,"999"
"2024-10-06 17:45:00",0,2.9,0,0,0,0,0,999,"999"
"2024-10-06 18:00:00",0,3.1,0,0,0,0,0,999,"999"
"2024-10-06 18:15:00",0,3.1,0,0,0,0,0,999,"999"
"2024-10-06 18:30:00",0,2.7,0,0,0,0,0,999,"999"
"2024-10-06 18:45:00",0,3.1,0,0,0,0,0,999,"999"
"2024-10-06 19:00:00",0,2.8,0,0,0,0,0,999,"999"
"2024-10-06 19:15:00",0,2.9,0,0,0,0,0,999,"999"
"2024-10-06 19:30:00",0,2.5,0,0,0,0,0,999,"999"
"2024-10-06 19:45:00",0,2.8,0,0,0,0,0,999,"999"
"2024-10-06 20:00:00",0,2.6,0,0,0,0,0,999,"999"
"2024-10-06 20:15:00",0,2.8,0,0,0,0,0,999,"999"
"2024-10-06 20:30:00",0,2.8,0,0,0,0,0,999,"999"
"2024-10-06 20:45:00",0,2.8,0,0,0,0,0,999,"999"
"2024-10-06 21:00:00",0,2.7,0,0,0,0,0,999,"999"
"2024-10-06 21:15:00",0,3,0,0,0,0,0,999,"999"
"2024-10-06 21:30:00",0,2.7,0,0,0,0,0,999,"999"
"2024-10-06 21:45:00",0,2.7,0,0,0,0,0,999,"999"
"2024-10-06 22:00:00",0,2.6,0,0,0,0,0,999,"999"
"2024-10-06 22:15:00",0,2.6,0,0,0,0,0,999,"999"
"2024-10-06 22:30:00",0,2.6,0,0,0,0,0,999,"999"
"2024-10-06 22:45:00",0.015625,2.3,0,0,0,0,0,999,"999"
"2024-10-06 23:00:00",0.015625,2.7,0,0,0,0,0,999,"999"
"2024-10-06 23:15:00",0.015625,2.7,0,0,0,0,0,999,"999"
"2024-10-06 23:30:00",0.015625,2.5,0,0,0,0,0,999,"999"
"2024-10-06 23:45:00",0.015625,2.6,0,0,0,0,0,999,"999"
"2024-10-07 00:00:00",0.015625,2.5,0,0,0,0,0,999,"999"
"2024-10-07 00:15:00",0.109375,4.3,0,0,0,0,0,999,"999"
"2024-10-07 00:30:00",0.109375,2.6,0,0,0,0,0,999,"999"
"2024-10-07 00:45:00",0.109375,2.6,0,0,0,0,0,999,"999"
"2024-10-07 01:00:00",0.109375,2.5,0,0,0,0,0,999,"999"
"2024-10-07 01:15:00",0.109375,2.7,0,0,0,0,0,999,"999"
"2024-10-07 01:30:00",0.109375,2.6,0,0,0,0,0,999,"999"
"2024-10-07 01:45:00",0.015625,2.6,0,0,0,0,0,999,"999"
"2024-10-07 02:00:00",0.015625,2.5,0,0,0,0,0,999,"999"
"2024-10-07 02:15:00",0.015625,2.6,0,0,0,0,0,999,"999"
"2024-10-07 02:30:00",0.015625,2.6,0,0,0,0,0,999,"999"
"2024-10-07 02:45:00",0.015625,2.6,0,0,0,0,0,999,"999"
"2024-10-07 03:00:00",0.015625,2.7,0,0,0,0,0,999,"999"
"2024-10-07 03:15:00",0.015625,2.5,0,0,0,0,0,999,"999"
"2024-10-07 03:30:00",0.015625,2.8,0,0,0,0,0,999,"999"
"2024-10-07 03:45:00",0.015625,2.6,0,0,0,0,0,999,"999"
"2024-10-07 04:00:00",0.015625,2.8,0,0,0,0,0,999,"999"
"2024-10-07 04:15:00",0.015625,2.6,0,0,0,0,0,999,"999"
"2024-10-07 04:30:00",0.015625,2.6,0,0,0,0,0,999,"999"
"2024-10-07 04:45:00",0.015625,2.8,0,0,0,0,0,999,"999"
"2024-10-07 05:00:00",0.015625,2.8,0,0,0,0,0,999,"999"
"2024-10-07 05:15:00",0.015625,2.7,0,0,0,0,0,999,"999"
"2024-10-07 05:30:00",0.015625,2.8,0,0,0,0,0,999,"999"
"2024-10-07 05:45:00",0.015625,2.8,0,0,0,0,0,999,"999"
"2024-10-07 06:00:00",0.015625,2.8,0,0,0,0,0,999,"999"
"2024-10-07 06:15:00",0.015625,2.9,0,0,0,0,0,999,"999"
"2024-10-07 06:30:00",0.109375,3.5,0,0,0,0,0,999,"999"
"2024-10-07 06:45:00",0.109375,2.9,0,0,0,0,0,999,"999"
"2024-10-07 07:00:00",0.109375,2.9,0,0,0,0,0,999,"999"
"2024-10-07 07:15:00",0.109375,2.9,0,0,0,0,0,999,"999"
"2024-10-07 07:30:00",0.109375,3.1,0,0,0,0,0,999,"999"
"2024-10-07 07:45:00",0.109375,2.8,0,0,0,0,0,999,"999"
"2024-10-07 08:00:00",0.015625,3,0,0,0,0,0,999,"999"
"2024-10-07 08:15:00",0.015625,3.1,0,0,0,0,0,999,"999"
"2024-10-07 08:30:00",0.015625,2.9,0,0,0,0,0,999,"999"
"2024-10-07 08:45:00",0.015625,2.9,0,0,0,0,0,999,"999"
"2024-10-07 09:00:00",0.015625,3,0,0,0,0,0,999,"999"
"2024-10-07 09:15:00",0.015625,2.9,0,0,0,0,0,999,"999"
"2024-10-07 09:30:00",0.015625,3.1,0,0,0,0,0,999,"999"
"2024-10-07 09:45:00",0.109375,3.4,0,0,0,0,0,999,"999"
"2024-10-07 10:00:00",0.109375,3.1,0,0,0,0,0,999,"999"
"2024-10-07 10:15:00",0.109375,3,0,0,0,0,0,999,"999"
"2024-10-07 10:30:00",0.109375,3.1,0,0,0,0,0,999,"999"
"2024-10-07 10:45:00",0.34375,3.8,0,0,0,0,0,999,"999"
"2024-10-07 11:00:00",0.34375,3.2,0,0,0,0,0,999,"999"
"2024-10-07 11:15:00",0.109375,3.1,0,0,0,0,0,999,"999"
"2024-10-07 11:30:00",0.34375,3.5,0,0,0,0,0,999,"999"
"2024-10-07 11:45:00",0.34375,3.2,0,0,0,0,0,999,"999"
"2024-10-07 12:00:00",0.34375,3.1,0,0,0,0,0,999,"999"
"2024-10-07 12:15:00",0.34375,3.8,0,0,0,0,0,999,"999"
"2024-10-07 12:30:00",0.65625,3.2,0,0,0,0,0,999,"999"
"2024-10-07 12:45:00",0.890625,3.2,0,0,0,0,0,999,"999"
"2024-10-07 13:00:00",0.890625,3.1,0,0,0,0,0,999,"999"
"2024-10-07 13:15:00",0.984375,2.9,0,0,0,0,0,999,"999"
"2024-10-07 13:30:00",1,3.1,0,0,0,1,0,999,"999"
"2024-10-07 13:45:00",1,3.7,0,0,0,0,0,999,"999"
"2024-10-07 14:00:00",1,3.4,0,0,0,0,0,999,"999"
"2024-10-07 14:15:00",1,3,0,0,0,0,0,999,"999"
"2024-10-07 14:30:00",1,3.2,0,0,0,0,0,999,"999"
"2024-10-07 14:45:00",1,3.6,0,0,0,0,0,999,"999"
"2024-10-07 15:00:00",1,2.9,0,0,0,0,0,999,"999"
"2024-10-07 15:15:00",1,3,0,0,0,0,0,999,"999"
"2024-10-07 15:30:00",1,3,0,0,0,0,0,999,"999"
"2024-10-07 15:45:00",1,2.9,0,0,0,0,0,999,"999"
"2024-10-07 16:00:00",1,3,0,0,0,0,0,999,"999"
"2024-10-07 16:15:00",1,3,0,0,0,0,1,999,"999"
"2024-10-07 16:30:00",0.015625,2.9,0,0,0,0,0,999,"999"
"2024-10-07 16:45:00",0.015625,3.1,0,0,0,0,0,999,"999"
"2024-10-07 17:00:00",0.015625,3,0,0,0,0,0,999,"999"
"2024-10-07 17:15:00",0.015625,3.1,0,0,0,0,0,999,"999"
"2024-10-07 17:30:00",0.015625,3,0,0,0,0,0,999,"999"
"2024-10-07 17:45:00",0.015625,2.8,0,0,0,0,0,999,"999"
"2024-10-07 18:00:00",0.015625,2.8,0,0,0,0,0,999,"999"
"2024-10-07 18:15:00",0.015625,2.8,0,0,0,0,0,999,"999"
"2024-10-07 18:30:00",0.015625,2.8,0,0,0,0,0,999,"999"
"2024-10-07 18:45:00",0.015625,2.8,0,0,0,0,0,999,"999"
"2024-10-07 19:00:00",0.015625,2.8,0,0,0,0,0,999,"999"
"2024-10-07 19:15:00",0.015625,3.3,0,0,0,0,0,999,"999"
"2024-10-07 19:30:00",0.015625,3.4,0,0,0,0,0,999,"999"
"2024-10-07 19:45:00",0.015625,3.2,0,0,0,0,0,999,"999"
"2024-10-07 20:00:00",0.015625,3.1,0,0,0,0,0,999,"999"
"2024-10-07 20:15:00",0.015625,3.3,0,0,0,0,0,999,"999"
"2024-10-07 20:30:00",0.015625,2.9,0,0,0,0,0,999,"999"
"2024-10-07 20:45:00",0.015625,2.8,0,0,0,0,0,999,"999"
"2024-10-07 21:00:00",0.015625,3.3,0,0,0,0,0,999,"999"
"2024-10-07 21:15:00",0.015625,2.9,0,0,0,0,0,999,"999"
"2024-10-07 21:30:00",0.015625,2.7,0,0,0,0,0,999,"999"
"2024-10-07 21:45:00",0.015625,2.8,0,0,0,0,0,999,"999"
"2024-10-07 22:00:00",0.109375,2.5,0,0,0,0,0,999,"999"
"2024-10-07 22:15:00",0.109375,2.8,0,0,0,0,0,999,"999"
"2024-10-07 22:30:00",0.109375,2.8,0,0,0,0,0,999,"999"
"2024-10-07 22:45:00",0.109375,2.8,0,0,0,0,0,999,"999"
"2024-10-07 23:00:00",0.109375,2.7,0,0,0,0,0,999,"999"
"2024-10-07 23:15:00",0.34375,150.5,1,1,0,0,0,999,"999"
"2024-10-07 23:30:00",0.34375,8.8,1,0,0,0,0,999,"999"
"2024-10-07 23:45:00",0.65625,5.2,1,0,0,0,0,999,"999"
"2024-10-08 00:00:00",0.890625,105.5,1,0,0,0,0,999,"999"
"2024-10-08 00:15:00",0.984375,89.2,1,0,0,0,0,999,"999"
"2024-10-08 00:30:00",1,20,1,0,0,1,0,999,"999"
"2024-10-08 00:45:00",1,11.2,1,0,0,0,0,999,"999"
"2024-10-08 01:00:00",1,4.9,1,0,0,0,0,999,"999"
"2024-10-08 01:15:00",1,542.6,1,0,0,0,0,999,"999"
"2024-10-08 01:30:00",1,6.8,1,0,0,0,0,999,"999"
"2024-10-08 01:45:00",1,5.6,1,0,0,0,0,999,"999"
"2024-10-08 02:00:00",1,5.4,1,0,0,0,0,999,"999"
"2024-10-08 02:15:00",1,79.8,1,0,0,0,0,999,"999"
"2024-10-08 02:30:00",1,6,1,0,0,0,0,999,"999"
"2024-10-08 02:45:00",1,110.1,1,0,1,0,0,999,"TRUE"
"2024-10-08 03:00:00",1,2.8,0,0,0,0,0,999,"999"
"2024-10-08 03:15:00",1,2.9,0,0,0,0,1,999,"999"
"2024-10-08 03:30:00",0.015625,2.8,0,0,0,0,0,999,"999"
"2024-10-08 03:45:00",0.015625,2.9,0,0,0,0,0,999,"999"
"2024-10-08 04:00:00",0.015625,2.6,0,0,0,0,0,999,"999"
"2024-10-08 04:15:00",0.015625,2.9,0,0,0,0,0,999,"999"
"2024-10-08 04:30:00",0.015625,2.8,0,0,0,0,0,999,"999"
"2024-10-08 04:45:00",0.015625,2.8,0,0,0,0,0,999,"999"
"2024-10-08 05:00:00",0.015625,2.8,0,0,0,0,0,999,"999"
"2024-10-08 05:15:00",0.015625,2.8,0,0,0,0,0,999,"999"
"2024-10-08 05:30:00",0.015625,2.9,0,0,0,0,0,999,"999"
"2024-10-08 05:45:00",0.015625,2.8,0,0,0,0,0,999,"999"
"2024-10-08 06:00:00",0.015625,2.8,0,0,0,0,0,999,"999"
"2024-10-08 06:15:00",0.015625,2.9,0,0,0,0,0,999,"999"
"2024-10-08 06:30:00",0.015625,2.9,0,0,0,0,0,999,"999"
"2024-10-08 06:45:00",0.015625,2.9,0,0,0,0,0,999,"999"
"2024-10-08 07:00:00",0.015625,3,0,0,0,0,0,999,"999"
"2024-10-08 07:15:00",0.015625,2.9,0,0,0,0,0,999,"999"
"2024-10-08 07:30:00",0.015625,3,0,0,0,0,0,999,"999"
"2024-10-08 07:45:00",0.015625,3,0,0,0,0,0,999,"999"
"2024-10-08 08:00:00",0.015625,2.8,0,0,0,0,0,999,"999"
"2024-10-08 08:15:00",0.015625,3.2,0,0,0,0,0,999,"999"
"2024-10-08 08:30:00",0.015625,2.9,0,0,0,0,0,999,"999"
"2024-10-08 08:45:00",0.015625,2.9,0,0,0,0,0,999,"999"
"2024-10-08 09:00:00",0.015625,3.1,0,0,0,0,0,999,"999"
"2024-10-08 09:15:00",0.015625,3.4,0,0,0,0,0,999,"999"
"2024-10-08 09:30:00",0.015625,3.4,0,0,0,0,0,999,"999"
"2024-10-08 09:45:00",0.015625,3.3,0,0,0,0,0,999,"999"
"2024-10-08 10:00:00",0.015625,3.3,0,0,0,0,0,999,"999"
"2024-10-08 10:15:00",0.015625,3.6,0,0,0,0,0,999,"999"
"2024-10-08 10:30:00",0.015625,3.4,0,0,0,0,0,999,"999"
"2024-10-08 10:45:00",0.015625,3.2,0,0,0,0,0,999,"999"
"2024-10-08 11:00:00",0.015625,2.7,0,0,0,0,0,999,"999"
"2024-10-08 11:15:00",0.015625,3.3,0,0,0,0,0,999,"999"
"2024-10-08 11:30:00",0.015625,3.2,0,0,0,0,0,999,"999"
"2024-10-08 11:45:00",0.015625,2.9,0,0,0,0,0,999,"999"
"2024-10-08 12:00:00",0.015625,2.9,0,0,0,0,0,999,"999"
"2024-10-08 12:15:00",0.015625,3.1,0,0,0,0,0,999,"999"
"2024-10-08 12:30:00",0.015625,2.9,0,0,0,0,0,999,"999"
"2024-10-08 12:45:00",0.015625,2.8,0,0,0,0,0,999,"999"
"2024-10-08 13:00:00",0.015625,3.1,0,0,0,0,0,999,"999"
"2024-10-08 13:15:00",0.015625,2.6,0,0,0,0,0,999,"999"
"2024-10-08 13:30:00",0.015625,2.8,0,0,0,0,0,999,"999"
"2024-10-08 13:45:00",0.015625,2.9,0,0,0,0,0,999,"999"
"2024-10-08 14:00:00",0.015625,2.9,0,0,0,0,0,999,"999"
"2024-10-08 14:15:00",0.015625,2.9,0,0,0,0,0,999,"999"
"2024-10-08 14:30:00",0.015625,2.9,0,0,0,0,0,999,"999"
"2024-10-08 14:45:00",0.015625,2.8,0,0,0,0,0,999,"999"
"2024-10-08 15:00:00",0.015625,2.9,0,0,0,0,0,999,"999"
"2024-10-08 15:15:00",0.015625,4.2,0,0,0,0,0,999,"999"
"2024-10-08 15:30:00",0.109375,2.9,0,0,0,0,0,999,"999"
"2024-10-08 15:45:00",0.109375,2.8,0,0,0,0,0,999,"999"
"2024-10-08 16:00:00",0.109375,2.8,0,0,0,0,0,999,"999"
"2024-10-08 16:15:00",0.109375,3,0,0,0,0,0,999,"999"
"2024-10-08 16:30:00",0.109375,2.9,0,0,0,0,0,999,"999"
"2024-10-08 16:45:00",0.109375,2.9,0,0,0,0,0,999,"999"
"2024-10-08 17:00:00",0.015625,2.7,0,0,0,0,0,999,"999"
"2024-10-08 17:15:00",0.015625,2.8,0,0,0,0,0,999,"999"
"2024-10-08 17:30:00",0.015625,2.8,0,0,0,0,0,999,"999"
"2024-10-08 17:45:00",0.015625,3.4,0,0,0,0,0,999,"999"
"2024-10-08 18:00:00",0.015625,2.9,0,0,0,0,0,999,"999"
"2024-10-08 18:15:00",0.015625,2.7,0,0,0,0,0,999,"999"
"2024-10-08 18:30:00",0.015625,2.9,0,0,0,0,0,999,"999"
"2024-10-08 18:45:00",0.015625,2.8,0,0,0,0,0,999,"999"
"2024-10-08 19:00:00",0.015625,2.8,0,0,0,0,0,999,"999"
"2024-10-08 19:15:00",0.015625,2.8,0,0,0,0,0,999,"999"
"2024-10-08 19:30:00",0.015625,2.9,0,0,0,0,0,999,"999"
"2024-10-08 19:45:00",0.015625,2.6,0,0,0,0,0,999,"999"
"2024-10-08 20:00:00",0.015625,2.8,0,0,0,0,0,999,"999"
"2024-10-08 20:15:00",0.015625,3.1,0,0,0,0,0,999,"999"
"2024-10-08 20:30:00",0.015625,2.7,0,0,0,0,0,999,"999"
"2024-10-08 20:45:00",0.015625,2.7,0,0,0,0,0,999,"999"
"2024-10-08 21:00:00",0.015625,2.9,0,0,0,0,0,999,"999"
"2024-10-08 21:15:00",0.015625,2.7,0,0,0,0,0,999,"999"
"2024-10-08 21:30:00",0.015625,2.8,0,0,0,0,0,999,"999"
"2024-10-08 21:45:00",0.015625,2.4,0,0,0,0,0,999,"999"
"2024-10-08 22:00:00",0.109375,2.7,0,0,0,0,0,999,"999"
"2024-10-08 22:15:00",0.109375,2.7,0,0,0,0,0,999,"999"
"2024-10-08 22:30:00",0.109375,2.8,0,0,0,0,0,999,"999"
"2024-10-08 22:45:00",0.109375,2.9,0,0,0,0,0,999,"999"
"2024-10-08 23:00:00",0.109375,2.8,0,0,0,0,0,999,"999"
"2024-10-08 23:15:00",0.109375,2.9,0,0,0,0,0,999,"999"
"2024-10-08 23:30:00",0.015625,2.7,0,0,0,0,0,999,"999"
"2024-10-08 23:45:00",0.015625,2.9,0,0,0,0,0,999,"999"
"2024-10-09 00:00:00",0.015625,2.8,0,0,0,0,0,999,"999"
"2024-10-09 00:15:00",0.015625,2.8,0,0,0,0,0,999,"999"
"2024-10-09 00:30:00",0.015625,3,0,0,0,0,0,999,"999"
"2024-10-09 00:45:00",0.015625,2.9,0,0,0,0,0,999,"999"
"2024-10-09 01:00:00",0.015625,2.9,0,0,0,0,0,999,"999"
"2024-10-09 01:15:00",0.015625,3.2,0,0,0,0,0,999,"999"
"2024-10-09 01:30:00",0.015625,2.9,0,0,0,0,0,999,"999"
"2024-10-09 01:45:00",0.015625,3,0,0,0,0,0,999,"999"
"2024-10-09 02:00:00",0.015625,3.2,0,0,0,0,0,999,"999"
"2024-10-09 02:15:00",0.015625,3.2,0,0,0,0,0,999,"999"
"2024-10-09 02:30:00",0.015625,3,0,0,0,0,0,999,"999"
"2024-10-09 02:45:00",0.015625,3.4,0,0,0,0,0,999,"999"
"2024-10-09 03:00:00",0.015625,3.1,0,0,0,0,0,999,"999"
"2024-10-09 03:15:00",0.015625,3.3,0,0,0,0,0,999,"999"
"2024-10-09 03:30:00",0.015625,3.3,0,0,0,0,0,999,"999"
"2024-10-09 03:45:00",0.015625,3.2,0,0,0,0,0,999,"999"
"2024-10-09 04:00:00",0.015625,3.4,0,0,0,0,0,999,"999"
"2024-10-09 04:15:00",0.015625,3.6,0,0,0,0,0,999,"999"
"2024-10-09 04:30:00",0.015625,3.4,0,0,0,0,0,999,"999"
"2024-10-09 04:45:00",0.015625,3.4,0,0,0,0,0,999,"999"
"2024-10-09 05:00:00",0.015625,3.4,0,0,0,0,0,999,"999"
"2024-10-09 05:15:00",0.015625,3.9,0,0,0,0,0,999,"999"
"2024-10-09 05:30:00",0.109375,3.7,0,0,0,0,0,999,"999"
"2024-10-09 05:45:00",0.109375,3.9,0,0,0,0,0,999,"999"
"2024-10-09 06:00:00",0.109375,3.4,0,0,0,0,0,999,"999"
"2024-10-09 06:15:00",0.109375,3.5,0,0,0,0,0,999,"999"
"2024-10-09 06:30:00",0.109375,3.6,0,0,0,0,0,999,"999"
"2024-10-09 06:45:00",0.109375,3.7,0,0,0,0,0,999,"999"
"2024-10-09 07:00:00",0.015625,3.3,0,0,0,0,0,999,"999"
"2024-10-09 07:15:00",0.015625,3.6,0,0,0,0,0,999,"999"
"2024-10-09 07:30:00",0.015625,3.6,0,0,0,0,0,999,"999"
"2024-10-09 07:45:00",0.015625,3.3,0,0,0,0,0,999,"999"
"2024-10-09 08:00:00",0.015625,3.5,0,0,0,0,0,999,"999"
"2024-10-09 08:15:00",0.015625,4,0,0,0,0,0,999,"999"
"2024-10-09 08:30:00",0.015625,3.5,0,0,0,0,0,999,"999"
"2024-10-09 08:45:00",0.015625,3.7,0,0,0,0,0,999,"999"
"2024-10-09 09:00:00",0.015625,4.2,0,0,0,0,0,999,"999"
"2024-10-09 09:15:00",0.015625,4.3,0,0,0,0,0,999,"999"
"2024-10-09 09:30:00",0.015625,3.9,0,0,0,0,0,999,"999"
"2024-10-09 09:45:00",0.015625,3.6,0,0,0,0,0,999,"999"
"2024-10-09 10:00:00",0.015625,4.2,0,0,0,0,0,999,"999"
"2024-10-09 10:15:00",0.015625,3.5,0,0,0,0,0,999,"999"
"2024-10-09 10:30:00",0.015625,3.7,0,0,0,0,0,999,"999"
"2024-10-09 10:45:00",0.015625,3.6,0,0,0,0,0,999,"999"
"2024-10-09 11:00:00",0.015625,4.3,0,0,0,0,0,999,"999"
"2024-10-09 11:15:00",0.015625,3.6,0,0,0,0,0,999,"999"
"2024-10-09 11:30:00",0.015625,3.9,0,0,0,0,0,999,"999"
"2024-10-09 11:45:00",0.015625,3.5,0,0,0,0,0,999,"999"
"2024-10-09 12:00:00",0.015625,3.6,0,0,0,0,0,999,"999"
"2024-10-09 12:15:00",0.015625,3.6,0,0,0,0,0,999,"999"
"2024-10-09 12:30:00",0.015625,3.4,0,0,0,0,0,999,"999"
"2024-10-09 12:45:00",0.015625,4.7,0,0,0,0,0,999,"999"
"2024-10-09 13:00:00",0.109375,3.9,0,0,0,0,0,999,"999"
"2024-10-09 13:15:00",0.109375,3.6,0,0,0,0,0,999,"999"
"2024-10-09 13:30:00",0.109375,4,0,0,0,0,0,999,"999"
"2024-10-09 13:45:00",0.109375,3.2,0,0,0,0,0,999,"999"
"2024-10-09 14:00:00",0.109375,3.4,0,0,0,0,0,999,"999"
"2024-10-09 14:15:00",0.109375,3.2,0,0,0,0,0,999,"999"
"2024-10-09 14:30:00",0.015625,3.2,0,0,0,0,0,999,"999"
"2024-10-09 14:45:00",0.015625,3.2,0,0,0,0,0,999,"999"
"2024-10-09 15:00:00",0.015625,3.2,0,0,0,0,0,999,"999"
"2024-10-09 15:15:00",0.015625,3.5,0,0,0,0,0,999,"999"
"2024-10-09 15:30:00",0.015625,3.3,0,0,0,0,0,999,"999"
"2024-10-09 15:45:00",0.015625,2.9,0,0,0,0,0,999,"999"
"2024-10-09 16:00:00",0.015625,3.4,0,0,0,0,0,999,"999"
"2024-10-09 16:15:00",0.015625,3.2,0,0,0,0,0,999,"999"
"2024-10-09 16:30:00",0.015625,3.1,0,0,0,0,0,999,"999"
"2024-10-09 16:45:00",0.015625,3.2,0,0,0,0,0,999,"999"
"2024-10-09 17:00:00",0.015625,3.5,0,0,0,0,0,999,"999"
"2024-10-09 17:15:00",0.015625,3.4,0,0,0,0,0,999,"999"
"2024-10-09 17:30:00",0.015625,3.4,0,0,0,0,0,999,"999"
"2024-10-09 17:45:00",0.015625,3,0,0,0,0,0,999,"999"
"2024-10-09 18:00:00",0.015625,3.2,0,0,0,0,0,999,"999"
"2024-10-09 18:15:00",0.015625,3.1,0,0,0,0,0,999,"999"
"2024-10-09 18:30:00",0.015625,3.4,0,0,0,0,0,999,"999"
"2024-10-09 18:45:00",0.015625,3.1,0,0,0,0,0,999,"999"
"2024-10-09 19:00:00",0.015625,3,0,0,0,0,0,999,"999"
"2024-10-09 19:15:00",0.015625,3.1,0,0,0,0,0,999,"999"
"2024-10-09 19:30:00",0.015625,3.2,0,0,0,0,0,999,"999"
"2024-10-09 19:45:00",0.015625,3.4,0,0,0,0,0,999,"999"
"2024-10-09 20:00:00",0.015625,3.2,0,0,0,0,0,999,"999"
"2024-10-09 20:15:00",0.015625,3.1,0,0,0,0,0,999,"999"
"2024-10-09 20:30:00",0.015625,3.1,0,0,0,0,0,999,"999"
"2024-10-09 20:45:00",0.015625,3.2,0,0,0,0,0,999,"999"
"2024-10-09 21:00:00",0.015625,3.4,0,0,0,0,0,999,"999"
"2024-10-09 21:15:00",0.015625,3.2,0,0,0,0,0,999,"999"
"2024-10-09 21:30:00",0.015625,3.5,0,0,0,0,0,999,"999"
"2024-10-09 21:45:00",0.015625,3.2,0,0,0,0,0,999,"999"
"2024-10-09 22:00:00",0.015625,3.3,0,0,0,0,0,999,"999"
"2024-10-09 22:15:00",0.015625,3.2,0,0,0,0,0,999,"999"
"2024-10-09 22:30:00",0.015625,3.4,0,0,0,0,0,999,"999"
"2024-10-09 22:45:00",0.015625,3.3,0,0,0,0,0,999,"999"
"2024-10-09 23:00:00",0.015625,3.3,0,0,0,0,0,999,"999"
"2024-10-09 23:15:00",0.015625,3.2,0,0,0,0,0,999,"999"
"2024-10-09 23:30:00",0.015625,3.2,0,0,0,0,0,999,"999"
"2024-10-09 23:45:00",0.015625,3.5,0,0,0,0,0,999,"999"
"2024-10-10 00:00:00",0.015625,3.4,0,0,0,0,0,999,"999"
"2024-10-10 00:15:00",0.015625,3.5,0,0,0,0,0,999,"999"
"2024-10-10 00:30:00",0.015625,3.4,0,0,0,0,0,999,"999"
"2024-10-10 00:45:00",0.015625,3.5,0,0,0,0,0,999,"999"
"2024-10-10 01:00:00",0.015625,3.2,0,0,0,0,0,999,"999"
"2024-10-10 01:15:00",0.015625,3.3,0,0,0,0,0,999,"999"
"2024-10-10 01:30:00",0.015625,3.2,0,0,0,0,0,999,"999"
"2024-10-10 01:45:00",0.015625,3.5,0,0,0,0,0,999,"999"
"2024-10-10 02:00:00",0.015625,3.4,0,0,0,0,0,999,"999"
"2024-10-10 02:15:00",0.015625,3.4,0,0,0,0,0,999,"999"
"2024-10-10 02:30:00",0.015625,9.3,0,0,0,0,0,999,"999"
"2024-10-10 02:45:00",0.109375,3.4,0,0,0,0,0,999,"999"
"2024-10-10 03:00:00",0.109375,3.8,0,0,0,0,0,999,"999"
"2024-10-10 03:15:00",0.34375,3.6,0,0,0,0,0,999,"999"
"2024-10-10 03:30:00",0.34375,3.7,0,0,0,0,0,999,"999"
"2024-10-10 03:45:00",0.34375,3.6,0,0,0,0,0,999,"999"
"2024-10-10 04:00:00",0.34375,3.4,0,0,0,0,0,999,"999"
"2024-10-10 04:15:00",0.109375,3.7,0,0,0,0,0,999,"999"
"2024-10-10 04:30:00",0.34375,3.6,0,0,0,0,0,999,"999"
"2024-10-10 04:45:00",0.109375,3.4,0,0,0,0,0,999,"999"
"2024-10-10 05:00:00",0.109375,3.4,0,0,0,0,0,999,"999"
"2024-10-10 05:15:00",0.109375,3.6,0,0,0,0,0,999,"999"
"2024-10-10 05:30:00",0.109375,3.6,0,0,0,0,0,999,"999"
"2024-10-10 05:45:00",0.109375,3.5,0,0,0,0,0,999,"999"
"2024-10-10 06:00:00",0.015625,3.6,0,0,0,0,0,999,"999"
"2024-10-10 06:15:00",0.015625,3.7,0,0,0,0,0,999,"999"
"2024-10-10 06:30:00",0.015625,3.6,0,0,0,0,0,999,"999"
"2024-10-10 06:45:00",0.015625,3.7,0,0,0,0,0,999,"999"
"2024-10-10 07:00:00",0.015625,3.6,0,0,0,0,0,999,"999"
"2024-10-10 07:15:00",0.015625,3.7,0,0,0,0,0,999,"999"
"2024-10-10 07:30:00",0.015625,3.7,0,0,0,0,0,999,"999"
"2024-10-10 07:45:00",0.015625,3.6,0,0,0,0,0,999,"999"
"2024-10-10 08:00:00",0.015625,3.6,0,0,0,0,0,999,"999"
"2024-10-10 08:15:00",0.015625,3.9,0,0,0,0,0,999,"999"
"2024-10-10 08:30:00",0.015625,7.5,0,0,0,0,0,999,"999"
"2024-10-10 08:45:00",0.109375,3.7,0,0,0,0,0,999,"999"
"2024-10-10 09:00:00",0.109375,3.6,0,0,0,0,0,999,"999"
"2024-10-10 09:15:00",0.109375,3.7,0,0,0,0,0,999,"999"
"2024-10-10 09:30:00",0.109375,3.9,0,0,0,0,0,999,"999"
"2024-10-10 09:45:00",0.109375,3.9,0,0,0,0,0,999,"999"
"2024-10-10 10:00:00",0.109375,3.6,0,0,0,0,0,999,"999"
"2024-10-10 10:15:00",0.015625,3.6,0,0,0,0,0,999,"999"
"2024-10-10 10:30:00",0.015625,4.5,0,0,0,0,0,999,"999"
"2024-10-10 10:45:00",0.109375,3.6,0,0,0,0,0,999,"999"
"2024-10-10 11:00:00",0.109375,3.7,0,0,0,0,0,999,"999"
"2024-10-10 11:15:00",0.109375,3.6,0,0,0,0,0,999,"999"
"2024-10-10 11:30:00",0.109375,3.6,0,0,0,0,0,999,"999"
"2024-10-10 11:45:00",0.109375,4.6,0,0,0,0,0,999,"999"
"2024-10-10 12:00:00",0.34375,3.6,0,0,0,0,0,999,"999"
"2024-10-10 12:15:00",0.109375,3.7,0,0,0,0,0,999,"999"
"2024-10-10 12:30:00",0.109375,3.4,0,0,0,0,0,999,"999"
"2024-10-10 12:45:00",0.109375,3.4,0,0,0,0,0,999,"999"
"2024-10-10 13:00:00",0.109375,3.1,0,0,0,0,0,999,"999"
"2024-10-10 13:15:00",0.34375,8.7,0,0,0,0,0,999,"999"
"2024-10-10 13:30:00",0.34375,3.2,0,0,0,0,0,999,"999"
"2024-10-10 13:45:00",0.65625,3.3,0,0,0,0,0,999,"999"
"2024-10-10 14:00:00",0.890625,3.2,0,0,0,0,0,999,"999"
"2024-10-10 14:15:00",0.984375,3.4,0,0,0,0,0,999,"999"
"2024-10-10 14:30:00",1,3.3,0,0,0,1,0,999,"999"
"2024-10-10 14:45:00",1,3.2,0,0,0,0,0,999,"999"
"2024-10-10 15:00:00",1,3.1,0,0,0,0,0,999,"999"
"2024-10-10 15:15:00",1,3.2,0,0,0,0,0,999,"999"
"2024-10-10 15:30:00",1,3.1,0,0,0,0,0,999,"999"
"2024-10-10 15:45:00",1,3.1,0,0,0,0,0,999,"999"
"2024-10-10 16:00:00",1,3.3,0,0,0,0,0,999,"999"
"2024-10-10 16:15:00",1,2.9,0,0,0,0,0,999,"999"
"2024-10-10 16:30:00",1,3.1,0,0,0,0,0,999,"999"
"2024-10-10 16:45:00",1,2.9,0,0,0,0,0,999,"999"
"2024-10-10 17:00:00",1,3.6,0,0,0,0,1,999,"999"
"2024-10-10 17:15:00",0.984375,3.1,0,0,0,0,0,999,"999"
"2024-10-10 17:30:00",0.984375,3,0,0,0,0,0,999,"999"
"2024-10-10 17:45:00",0.984375,3.7,0,0,0,0,0,999,"999"
"2024-10-10 18:00:00",0.890625,3.2,0,0,0,0,0,999,"999"
"2024-10-10 18:15:00",0.65625,3,0,0,0,0,0,999,"999"
"2024-10-10 18:30:00",0.65625,3.4,0,0,0,0,0,999,"999"
"2024-10-10 18:45:00",0.65625,3.1,0,0,0,0,0,999,"999"
"2024-10-10 19:00:00",0.65625,2.9,0,0,0,0,0,999,"999"
"2024-10-10 19:15:00",0.65625,2.9,0,0,0,0,0,999,"999"
"2024-10-10 19:30:00",0.890625,3.1,0,0,0,0,0,999,"999"
"2024-10-10 19:45:00",0.984375,3.1,0,0,0,0,0,999,"999"
"2024-10-10 20:00:00",0.984375,6.9,0,0,0,0,0,999,"999"
"2024-10-10 20:15:00",1,3.1,0,0,0,1,1,999,"999"
"2024-10-10 20:30:00",0.015625,3.2,0,0,0,0,0,999,"999"
"2024-10-10 20:45:00",0.015625,3.1,0,0,0,0,0,999,"999"
"2024-10-10 21:00:00",0.015625,3.2,0,0,0,0,0,999,"999"
"2024-10-10 21:15:00",0.015625,3,0,0,0,0,0,999,"999"
"2024-10-10 21:30:00",0.015625,5.3,0,0,0,0,0,999,"999"
"2024-10-10 21:45:00",0.015625,3.3,0,0,0,0,0,999,"999"
"2024-10-10 22:00:00",0.015625,3.1,0,0,0,0,0,999,"999"
"2024-10-10 22:15:00",0.015625,3.1,0,0,0,0,0,999,"999"
"2024-10-10 22:30:00",0.015625,3.1,0,0,0,0,0,999,"999"
"2024-10-10 22:45:00",0.015625,3.2,0,0,0,0,0,999,"999"
"2024-10-10 23:00:00",0.015625,3.2,0,0,0,0,0,999,"999"
"2024-10-10 23:15:00",0.015625,3.2,0,0,0,0,0,999,"999"
"2024-10-10 23:30:00",0.015625,3.7,0,0,0,0,0,999,"999"
"2024-10-10 23:45:00",0.015625,3.2,0,0,0,0,0,999,"999"
"2024-10-11 00:00:00",0.015625,3.6,0,0,0,0,0,999,"999"
"2024-10-11 00:15:00",0.015625,6.2,0,0,0,0,0,999,"999"
"2024-10-11 00:30:00",0.109375,3.4,0,0,0,0,0,999,"999"
"2024-10-11 00:45:00",0.109375,5.1,0,0,0,0,0,999,"999"
"2024-10-11 01:00:00",0.109375,10,0,0,0,0,0,999,"999"
"2024-10-11 01:15:00",0.34375,24.5,1,1,0,0,0,999,"999"
"2024-10-11 01:30:00",0.65625,31.4,1,0,0,0,0,999,"999"
"2024-10-11 01:45:00",0.890625,20.3,1,0,0,0,0,999,"999"
"2024-10-11 02:00:00",0.890625,14.2,1,0,0,0,0,999,"999"
"2024-10-11 02:15:00",0.984375,6.2,1,0,0,0,0,999,"999"
"2024-10-11 02:30:00",1,4.7,1,0,0,1,1,999,"999"
"2024-10-11 02:45:00",0.984375,8,1,0,0,0,0,999,"999"
"2024-10-11 03:00:00",0.984375,4.7,1,0,0,0,0,999,"999"
"2024-10-11 03:15:00",0.890625,6.6,1,0,0,0,0,999,"999"
"2024-10-11 03:30:00",0.890625,15.6,1,0,0,0,0,999,"999"
"2024-10-11 03:45:00",0.890625,162.3,1,0,0,0,0,999,"999"
"2024-10-11 04:00:00",0.890625,33.9,1,0,0,0,0,999,"999"
"2024-10-11 04:15:00",0.984375,134.1,1,0,0,0,0,999,"999"
"2024-10-11 04:30:00",0.984375,133.8,1,0,0,0,0,999,"999"
"2024-10-11 04:45:00",1,201.8,1,0,0,1,0,999,"999"
"2024-10-11 05:00:00",1,202.8,1,0,0,0,0,999,"999"
"2024-10-11 05:15:00",1,105.4,1,0,0,0,0,999,"999"
"2024-10-11 05:30:00",1,211.1,1,0,0,0,0,999,"999"
"2024-10-11 05:45:00",1,121.6,1,0,0,0,0,999,"999"
"2024-10-11 06:00:00",1,152.5,1,0,0,0,0,999,"999"
"2024-10-11 06:15:00",1,139.2,1,0,0,0,0,999,"999"
"2024-10-11 06:30:00",1,77.3,1,0,0,0,0,999,"999"
"2024-10-11 06:45:00",1,99.1,1,0,0,0,0,999,"999"
"2024-10-11 07:00:00",1,68.5,1,0,0,0,0,999,"999"
"2024-10-11 07:15:00",1,54.9,1,0,0,0,1,999,"999"
"2024-10-11 07:30:00",0.015625,104.6,1,0,0,0,0,999,"999"
"2024-10-11 07:45:00",0.015625,72.3,1,0,0,0,0,999,"999"
"2024-10-11 08:00:00",0.015625,74.4,1,0,0,0,0,999,"999"
"2024-10-11 08:15:00",0.015625,62.4,1,0,0,0,0,999,"999"
"2024-10-11 08:30:00",0.015625,181.2,1,0,0,0,0,999,"999"
"2024-10-11 08:45:00",0.015625,219.3,1,0,0,0,0,999,"999"
"2024-10-11 09:00:00",0.015625,211.9,1,0,0,0,0,999,"999"
"2024-10-11 09:15:00",0.015625,175.3,1,0,0,0,0,999,"999"
"2024-10-11 09:30:00",0.015625,91.5,1,0,0,0,0,999,"999"
"2024-10-11 09:45:00",0.015625,212.3,1,0,0,0,0,999,"999"
"2024-10-11 10:00:00",0.015625,212.9,1,0,0,0,0,999,"999"
"2024-10-11 10:15:00",0.015625,125.3,1,0,0,0,0,999,"999"
"2024-10-11 10:30:00",0.015625,98.7,1,0,0,0,0,999,"999"
"2024-10-11 10:45:00",0.015625,52.4,1,0,0,0,0,999,"999"
"2024-10-11 11:00:00",0.015625,47.1,1,0,0,0,0,999,"999"
"2024-10-11 11:15:00",0.015625,97.1,1,0,0,0,0,999,"999"
"2024-10-11 11:30:00",0.015625,117.3,1,0,0,0,0,999,"999"
"2024-10-11 11:45:00",0.015625,118.3,1,0,0,0,0,999,"999"
"2024-10-11 12:00:00",0.015625,103.1,1,0,0,0,0,999,"999"
"2024-10-11 12:15:00",0.015625,87.2,1,0,0,0,0,999,"999"
"2024-10-11 12:30:00",0.015625,136.7,1,0,0,0,0,999,"999"
"2024-10-11 12:45:00",0.015625,46.2,1,0,0,0,0,999,"999"
"2024-10-11 13:00:00",0.109375,137.6,1,0,0,0,0,999,"999"
"2024-10-11 13:15:00",0.109375,65,1,0,0,0,0,999,"999"
"2024-10-11 13:30:00",0.109375,144.4,1,0,0,0,0,999,"999"
"2024-10-11 13:45:00",0.109375,101.9,1,0,0,0,0,999,"999"
"2024-10-11 14:00:00",0.109375,133.1,1,0,0,0,0,999,"999"
"2024-10-11 14:15:00",0.109375,83,1,0,0,0,0,999,"999"
"2024-10-11 14:30:00",0.015625,170.3,1,0,0,0,0,999,"999"
"2024-10-11 14:45:00",0.015625,31.8,1,0,0,0,0,999,"999"
"2024-10-11 15:00:00",0.015625,101.8,1,0,0,0,0,999,"999"
"2024-10-11 15:15:00",0.015625,64.2,1,0,0,0,0,999,"999"
"2024-10-11 15:30:00",0.015625,56.9,1,0,0,0,0,999,"999"
"2024-10-11 15:45:00",0.015625,141,1,0,0,0,0,999,"999"
"2024-10-11 16:00:00",0.015625,85.1,1,0,0,0,0,999,"999"
"2024-10-11 16:15:00",0.015625,70,1,0,0,0,0,999,"999"
"2024-10-11 16:30:00",0.015625,98.8,1,0,0,0,0,999,"999"
"2024-10-11 16:45:00",0.015625,73.3,1,0,0,0,0,999,"999"
"2024-10-11 17:00:00",0.015625,58.1,1,0,0,0,0,999,"999"
"2024-10-11 17:15:00",0.015625,85,1,0,0,0,0,999,"999"
"2024-10-11 17:30:00",0.015625,87,1,0,0,0,0,999,"999"
"2024-10-11 17:45:00",0.015625,94.1,1,0,0,0,0,999,"999"
"2024-10-11 18:00:00",0.015625,75.5,1,0,0,0,0,999,"999"
"2024-10-11 18:15:00",0.015625,129.9,1,0,0,0,0,999,"999"
"2024-10-11 18:30:00",0.015625,73,1,0,0,0,0,999,"999"
"2024-10-11 18:45:00",0.015625,22.1,1,0,0,0,0,999,"999"
"2024-10-11 19:00:00",0.015625,79.9,1,0,0,0,0,999,"999"
"2024-10-11 19:15:00",0.015625,64.5,1,0,0,0,0,999,"999"
"2024-10-11 19:30:00",0.015625,38.4,1,0,0,0,0,999,"999"
"2024-10-11 19:45:00",0.015625,63.1,1,0,0,0,0,999,"999"
"2024-10-11 20:00:00",0.015625,104.4,1,0,0,0,0,999,"999"
"2024-10-11 20:15:00",0.015625,97.6,1,0,0,0,0,999,"999"
"2024-10-11 20:30:00",0.015625,108.5,1,0,0,0,0,999,"999"
"2024-10-11 20:45:00",0.015625,113.4,1,0,0,0,0,999,"999"
"2024-10-11 21:00:00",0.015625,66.3,1,0,0,0,0,999,"999"
"2024-10-11 21:15:00",0.015625,112.4,1,0,0,0,0,999,"999"
"2024-10-11 21:30:00",0.015625,115.6,1,0,0,0,0,999,"999"
"2024-10-11 21:45:00",0.015625,152.2,1,0,0,0,0,999,"999"
"2024-10-11 22:00:00",0.015625,99.6,1,0,0,0,0,999,"999"
"2024-10-11 22:15:00",0.015625,164.5,1,0,0,0,0,999,"999"
"2024-10-11 22:30:00",0.015625,92.7,1,0,0,0,0,999,"999"
"2024-10-11 22:45:00",0.015625,77.1,1,0,0,0,0,999,"999"
"2024-10-11 23:00:00",0.015625,160.3,1,0,0,0,0,999,"999"
"2024-10-11 23:15:00",0.015625,117.4,1,0,0,0,0,999,"999"
"2024-10-11 23:30:00",0.015625,101.3,1,0,0,0,0,999,"999"
"2024-10-11 23:45:00",0.015625,89.1,1,0,0,0,0,999,"999"
"2024-10-12 00:00:00",0.015625,122.9,1,0,0,0,0,999,"999"
"2024-10-12 00:15:00",0.015625,114.6,1,0,0,0,0,999,"999"
"2024-10-12 00:30:00",0.015625,120.4,1,0,0,0,0,999,"999"
"2024-10-12 00:45:00",0.015625,145.5,1,0,0,0,0,999,"999"
"2024-10-12 01:00:00",0.015625,138,1,0,0,0,0,999,"999"
"2024-10-12 01:15:00",0.015625,70.5,1,0,0,0,0,999,"999"
"2024-10-12 01:30:00",0.015625,115.6,1,0,0,0,0,999,"999"
"2024-10-12 01:45:00",0.015625,92.2,1,0,0,0,0,999,"999"
"2024-10-12 02:00:00",0.015625,161.3,1,0,0,0,0,999,"999"
"2024-10-12 02:15:00",0.015625,180.3,1,0,0,0,0,999,"999"
"2024-10-12 02:30:00",0.015625,127.8,1,0,0,0,0,999,"999"
"2024-10-12 02:45:00",0.015625,179.7,1,0,0,0,0,999,"999"
"2024-10-12 03:00:00",0.015625,149,1,0,0,0,0,999,"999"
"2024-10-12 03:15:00",0.015625,210.9,1,0,0,0,0,999,"999"
"2024-10-12 03:30:00",0.015625,262,1,0,0,0,0,999,"999"
"2024-10-12 03:45:00",0.109375,188.7,1,0,0,0,0,999,"999"
"2024-10-12 04:00:00",0.109375,214.4,1,0,0,0,0,999,"999"
"2024-10-12 04:15:00",0.109375,245.4,1,0,0,0,0,999,"999"
"2024-10-12 04:30:00",0.109375,146.6,1,0,0,0,0,999,"999"
"2024-10-12 04:45:00",0.109375,292.2,1,0,0,0,0,999,"999"
"2024-10-12 05:00:00",0.34375,251.7,1,0,0,0,0,999,"999"
"2024-10-12 05:15:00",0.109375,291.2,1,0,0,0,0,999,"999"
"2024-10-12 05:30:00",0.109375,195.3,1,0,0,0,0,999,"999"
"2024-10-12 05:45:00",0.109375,176.2,1,0,0,0,0,999,"999"
"2024-10-12 06:00:00",0.109375,225.5,1,0,0,0,0,999,"999"
"2024-10-12 06:15:00",0.109375,341.7,1,0,0,0,0,999,"999"
"2024-10-12 06:30:00",0.015625,309.3,1,0,0,0,0,999,"999"
"2024-10-12 06:45:00",0.015625,307.9,1,0,0,0,0,999,"999"
"2024-10-12 07:00:00",0.015625,301.5,1,0,0,0,0,999,"999"
"2024-10-12 07:15:00",0.015625,334.4,1,0,0,0,0,999,"999"
"2024-10-12 07:30:00",0.015625,265.6,1,0,0,0,0,999,"999"
"2024-10-12 07:45:00",0.015625,266.1,1,0,0,0,0,999,"999"
"2024-10-12 08:00:00",0.015625,268.9,1,0,0,0,0,999,"999"
"2024-10-12 08:15:00",0.015625,239.7,1,0,0,0,0,999,"999"
"2024-10-12 08:30:00",0.015625,209.5,1,0,0,0,0,999,"999"
"2024-10-12 08:45:00",0.015625,223.3,1,0,0,0,0,999,"999"
"2024-10-12 09:00:00",0.015625,222.2,1,0,0,0,0,999,"999"
"2024-10-12 09:15:00",0.015625,240.6,1,0,0,0,0,999,"999"
"2024-10-12 09:30:00",0.015625,325.3,1,0,0,0,0,999,"999"
"2024-10-12 09:45:00",0.015625,341.6,1,0,0,0,0,999,"999"
"2024-10-12 10:00:00",0.015625,199.7,1,0,0,0,0,999,"999"
"2024-10-12 10:15:00",0.015625,267.6,1,0,0,0,0,999,"999"
"2024-10-12 10:30:00",0.015625,223.7,1,0,0,0,0,999,"999"
"2024-10-12 10:45:00",0.015625,188,1,0,0,0,0,999,"999"
"2024-10-12 11:00:00",0.015625,269.1,1,0,0,0,0,999,"999"
"2024-10-12 11:15:00",0.015625,206.1,1,0,0,0,0,999,"999"
"2024-10-12 11:30:00",0.015625,170.9,1,0,0,0,0,999,"999"
"2024-10-12 11:45:00",0.015625,143.9,1,0,0,0,0,999,"999"
"2024-10-12 12:00:00",0.015625,173.8,1,0,0,0,0,999,"999"
"2024-10-12 12:15:00",0.015625,147,1,0,0,0,0,999,"999"
"2024-10-12 12:30:00",0.015625,196.7,1,0,0,0,0,999,"999"
"2024-10-12 12:45:00",0.015625,160.8,1,0,0,0,0,999,"999"
"2024-10-12 13:00:00",0.015625,204.7,1,0,0,0,0,999,"999"
"2024-10-12 13:15:00",0.015625,153.2,1,0,0,0,0,999,"999"
"2024-10-12 13:30:00",0.015625,118.2,1,0,0,0,0,999,"999"
"2024-10-12 13:45:00",0.015625,180.6,1,0,0,0,0,999,"999"
"2024-10-12 14:00:00",0.015625,175.9,1,0,0,0,0,999,"999"
"2024-10-12 14:15:00",0.015625,153.9,1,0,0,0,0,999,"999"
"2024-10-12 14:30:00",0.015625,170.5,1,0,0,0,0,999,"999"
"2024-10-12 14:45:00",0.015625,172.9,1,0,0,0,0,999,"999"
"2024-10-12 15:00:00",0.015625,239.6,1,0,0,0,0,999,"999"
"2024-10-12 15:15:00",0.015625,249.4,1,0,0,0,0,999,"999"
"2024-10-12 15:30:00",0.015625,247.6,1,0,0,0,0,999,"999"
"2024-10-12 15:45:00",0.015625,184.5,1,0,0,0,0,999,"999"
"2024-10-12 16:00:00",0.015625,194.8,1,0,0,0,0,999,"999"
"2024-10-12 16:15:00",0.015625,200.7,1,0,0,0,0,999,"999"
"2024-10-12 16:30:00",0.015625,218.3,1,0,0,0,0,999,"999"
"2024-10-12 16:45:00",0.015625,172.1,1,0,0,0,0,999,"999"
"2024-10-12 17:00:00",0.015625,132.8,1,0,0,0,0,999,"999"
"2024-10-12 17:15:00",0.015625,307,1,0,0,0,0,999,"999"
"2024-10-12 17:30:00",0.109375,209.2,1,0,0,0,0,999,"999"
"2024-10-12 17:45:00",0.109375,151.7,1,0,0,0,0,999,"999"
"2024-10-12 18:00:00",0.109375,174,1,0,0,0,0,999,"999"
"2024-10-12 18:15:00",0.109375,101.4,1,0,0,0,0,999,"999"
"2024-10-12 18:30:00",0.109375,116.2,1,0,0,0,0,999,"999"
"2024-10-12 18:45:00",0.109375,198.2,1,0,0,0,0,999,"999"
"2024-10-12 19:00:00",0.015625,131.4,1,0,0,0,0,999,"999"
"2024-10-12 19:15:00",0.015625,207.7,1,0,0,0,0,999,"999"
"2024-10-12 19:30:00",0.015625,143.9,1,0,0,0,0,999,"999"
"2024-10-12 19:45:00",0.015625,159.1,1,0,0,0,0,999,"999"
"2024-10-12 20:00:00",0.015625,197.9,1,0,0,0,0,999,"999"
"2024-10-12 20:15:00",0.015625,161.3,1,0,0,0,0,999,"999"
"2024-10-12 20:30:00",0.015625,178.1,1,0,0,0,0,999,"999"
"2024-10-12 20:45:00",0.015625,219.5,1,0,0,0,0,999,"999"
"2024-10-12 21:00:00",0.015625,202.6,1,0,0,0,0,999,"999"
"2024-10-12 21:15:00",0.015625,222.1,1,0,0,0,0,999,"999"
"2024-10-12 21:30:00",0.015625,373.4,1,0,0,0,0,999,"999"
"2024-10-12 21:45:00",0.109375,238.5,1,0,0,0,0,999,"999"
"2024-10-12 22:00:00",0.109375,287.9,1,0,0,0,0,999,"999"
"2024-10-12 22:15:00",0.34375,280.7,1,0,0,0,0,999,"999"
"2024-10-12 22:30:00",0.34375,195.8,1,0,0,0,0,999,"999"
"2024-10-12 22:45:00",0.34375,126.8,1,0,0,0,0,999,"999"
"2024-10-12 23:00:00",0.34375,158.7,1,0,0,0,0,999,"999"
"2024-10-12 23:15:00",0.109375,151.7,1,0,0,0,0,999,"999"
"2024-10-12 23:30:00",0.109375,241.2,1,0,0,0,0,999,"999"
"2024-10-12 23:45:00",0.015625,91,1,0,0,0,0,999,"999"
"2024-10-13 00:00:00",0.015625,132.2,1,0,0,0,0,999,"999"
"2024-10-13 00:15:00",0.015625,150.3,1,0,0,0,0,999,"999"
"2024-10-13 00:30:00",0.015625,174.6,1,0,0,0,0,999,"999"
"2024-10-13 00:45:00",0.015625,227.2,1,0,0,0,0,999,"999"
"2024-10-13 01:00:00",0.015625,143.9,1,0,0,0,0,999,"999"
"2024-10-13 01:15:00",0.015625,156.9,1,0,0,0,0,999,"999"
"2024-10-13 01:30:00",0.015625,232.3,1,0,0,0,0,999,"999"
"2024-10-13 01:45:00",0.015625,203.9,1,0,0,0,0,999,"999"
"2024-10-13 02:00:00",0.015625,179.2,1,0,0,0,0,999,"999"
"2024-10-13 02:15:00",0.015625,123.8,1,0,0,0,0,999,"999"
"2024-10-13 02:30:00",0.015625,193.8,1,0,0,0,0,999,"999"
"2024-10-13 02:45:00",0.015625,213.5,1,0,0,0,0,999,"999"
"2024-10-13 03:00:00",0.015625,210.9,1,0,0,0,0,999,"999"
"2024-10-13 03:15:00",0.015625,289.7,1,0,0,0,0,999,"999"
"2024-10-13 03:30:00",0.015625,210.4,1,0,0,0,0,999,"999"
"2024-10-13 03:45:00",0.015625,186,1,0,0,0,0,999,"999"
"2024-10-13 04:00:00",0.015625,201.3,1,0,0,0,0,999,"999"
"2024-10-13 04:15:00",0.015625,200.9,1,0,0,0,0,999,"999"
"2024-10-13 04:30:00",0.015625,398.2,1,0,0,0,0,999,"999"
"2024-10-13 04:45:00",0.109375,222.9,1,0,0,0,0,999,"999"
"2024-10-13 05:00:00",0.109375,160.7,1,0,0,0,0,999,"999"
"2024-10-13 05:15:00",0.109375,200.1,1,0,0,0,0,999,"999"
"2024-10-13 05:30:00",0.109375,234.4,1,0,0,0,0,999,"999"
"2024-10-13 05:45:00",0.109375,279.2,1,0,0,0,0,999,"999"
"2024-10-13 06:00:00",0.109375,249.4,1,0,0,0,0,999,"999"
"2024-10-13 06:15:00",0.015625,189.8,1,0,0,0,0,999,"999"
"2024-10-13 06:30:00",0.015625,264.7,1,0,0,0,0,999,"999"
"2024-10-13 06:45:00",0.015625,222.2,1,0,0,0,0,999,"999"
"2024-10-13 07:00:00",0.015625,281.9,1,0,0,0,0,999,"999"
"2024-10-13 07:15:00",0.015625,251.4,1,0,0,0,0,999,"999"
"2024-10-13 07:30:00",0.015625,303.8,1,0,0,0,0,999,"999"
"2024-10-13 07:45:00",0.015625,269.1,1,0,0,0,0,999,"999"
"2024-10-13 08:00:00",0.015625,243.5,1,0,0,0,0,999,"999"
"2024-10-13 08:15:00",0.015625,360.3,1,0,0,0,0,999,"999"
"2024-10-13 08:30:00",0.015625,310.5,1,0,0,0,0,999,"999"
"2024-10-13 08:45:00",0.015625,230.5,1,0,0,0,0,999,"999"
"2024-10-13 09:00:00",0.015625,231.9,1,0,0,0,0,999,"999"
"2024-10-13 09:15:00",0.015625,265.8,1,0,0,0,0,999,"999"
"2024-10-13 09:30:00",0.015625,244.1,1,0,0,0,0,999,"999"
"2024-10-13 09:45:00",0.015625,232.6,1,0,0,0,0,999,"999"
"2024-10-13 10:00:00",0.015625,215.7,1,0,0,0,0,999,"999"
"2024-10-13 10:15:00",0.015625,237,1,0,0,0,0,999,"999"
"2024-10-13 10:30:00",0.015625,166,1,0,0,0,0,999,"999"
"2024-10-13 10:45:00",0.015625,214.9,1,0,0,0,0,999,"999"
"2024-10-13 11:00:00",0.015625,99.6,1,0,0,0,0,999,"999"
"2024-10-13 11:15:00",0.109375,210.9,1,0,0,0,0,999,"999"
"2024-10-13 11:30:00",0.109375,177.9,1,0,0,0,0,999,"999"
"2024-10-13 11:45:00",0.109375,183.5,1,0,0,0,0,999,"999"
"2024-10-13 12:00:00",0.109375,160.8,1,0,0,0,0,999,"999"
"2024-10-13 12:15:00",0.109375,156.1,1,0,0,0,0,999,"999"
"2024-10-13 12:30:00",0.109375,215.2,1,0,0,0,0,999,"999"
"2024-10-13 12:45:00",0.015625,166.6,1,0,0,0,0,999,"999"
"2024-10-13 13:00:00",0.015625,170.8,1,0,0,0,0,999,"999"
"2024-10-13 13:15:00",0.015625,213.3,1,0,0,0,0,999,"999"
"2024-10-13 13:30:00",0.015625,214.6,1,0,0,0,0,999,"999"
"2024-10-13 13:45:00",0.015625,268.8,1,0,0,0,0,999,"999"
"2024-10-13 14:00:00",0.015625,241.6,1,0,0,0,0,999,"999"
"2024-10-13 14:15:00",0.015625,236.5,1,0,0,0,0,999,"999"
"2024-10-13 14:30:00",0.015625,260.8,1,0,0,0,0,999,"999"
"2024-10-13 14:45:00",0.015625,257.9,1,0,0,0,0,999,"999"
"2024-10-13 15:00:00",0.015625,359.9,1,0,0,0,0,999,"999"
"2024-10-13 15:15:00",0.015625,343.8,1,0,0,0,0,999,"999"
"2024-10-13 15:30:00",0.015625,276.7,1,0,0,0,0,999,"999"
"2024-10-13 15:45:00",0.015625,260.6,1,0,0,0,0,999,"999"
"2024-10-13 16:00:00",0.015625,314.7,1,0,0,0,0,999,"999"
"2024-10-13 16:15:00",0.015625,293.3,1,0,0,0,0,999,"999"
"2024-10-13 16:30:00",0.015625,258.7,1,0,0,0,0,999,"999"
"2024-10-13 16:45:00",0.015625,270.7,1,0,0,0,0,999,"999"
"2024-10-13 17:00:00",0.015625,277.1,1,0,0,0,0,999,"999"
"2024-10-13 17:15:00",0.015625,235.7,1,0,0,0,0,999,"999"
"2024-10-13 17:30:00",0.015625,200,1,0,0,0,0,999,"999"
"2024-10-13 17:45:00",0.015625,222.7,1,0,0,0,0,999,"999"
"2024-10-13 18:00:00",0.015625,232.1,1,0,0,0,0,999,"999"
"2024-10-13 18:15:00",0.015625,205.4,1,0,0,0,0,999,"999"
"2024-10-13 18:30:00",0.015625,190.7,1,0,0,0,0,999,"999"
"2024-10-13 18:45:00",0.015625,202.4,1,0,0,0,0,999,"999"
"2024-10-13 19:00:00",0.015625,272,1,0,0,0,0,999,"999"
"2024-10-13 19:15:00",0.015625,301.8,1,0,0,0,0,999,"999"
"2024-10-13 19:30:00",0.015625,175.1,1,0,0,0,0,999,"999"
"2024-10-13 19:45:00",0.015625,273.7,1,0,0,0,0,999,"999"
"2024-10-13 20:00:00",0.015625,302.7,1,0,0,0,0,999,"999"
"2024-10-13 20:15:00",0.015625,335.5,1,0,0,0,0,999,"999"
"2024-10-13 20:30:00",0.015625,363.7,1,0,0,0,0,999,"999"
"2024-10-13 20:45:00",0.015625,289.7,1,0,0,0,0,999,"999"
"2024-10-13 21:00:00",0.015625,375.6,1,0,0,0,0,999,"999"
"2024-10-13 21:15:00",0.015625,377.5,1,0,0,0,0,999,"999"
"2024-10-13 21:30:00",0.015625,381.4,1,0,0,0,0,999,"999"
"2024-10-13 21:45:00",0.015625,377.1,1,0,0,0,0,999,"999"
"2024-10-13 22:00:00",0.015625,421.7,1,0,0,0,0,999,"999"
"2024-10-13 22:15:00",0.015625,438.7,1,0,0,0,0,999,"999"
"2024-10-13 22:30:00",0.015625,379.5,1,0,0,0,0,999,"999"
"2024-10-13 22:45:00",0.015625,462.9,1,0,0,0,0,999,"999"
"2024-10-13 23:00:00",0.015625,457.4,1,0,0,0,0,999,"999"
"2024-10-13 23:15:00",0.015625,439.6,1,0,0,0,0,999,"999"
"2024-10-13 23:30:00",0.015625,628.9,1,0,0,0,0,999,"999"
"2024-10-13 23:45:00",0.109375,412.7,1,0,0,0,0,999,"999"
"2024-10-14 00:00:00",0.34375,480.2,1,0,0,0,0,999,"999"
"2024-10-14 00:15:00",0.65625,476.8,1,0,0,0,0,999,"999"
"2024-10-14 00:30:00",0.890625,487.7,1,0,0,0,0,999,"999"
"2024-10-14 00:45:00",0.984375,420.2,1,0,0,0,0,999,"999"
"2024-10-14 01:00:00",1,557.9,1,0,0,1,0,999,"999"
"2024-10-14 01:15:00",1,591.6,1,0,0,0,0,999,"999"
"2024-10-14 01:30:00",1,563,1,0,0,0,0,999,"999"
"2024-10-14 01:45:00",1,667.8,1,0,0,0,0,999,"999"
"2024-10-14 02:00:00",1,549,1,0,0,0,0,999,"999"
"2024-10-14 02:15:00",1,557.9,1,0,0,0,0,999,"999"
"2024-10-14 02:30:00",1,731.8,1,0,0,0,0,999,"999"
"2024-10-14 02:45:00",1,641.1,1,0,0,0,0,999,"999"
"2024-10-14 03:00:00",1,493.9,1,0,0,0,0,999,"999"
"2024-10-14 03:15:00",1,755.1,1,0,0,0,0,999,"999"
"2024-10-14 03:30:00",1,554.5,1,0,0,0,0,999,"999"
"2024-10-14 03:45:00",1,709.7,1,0,0,0,1,999,"999"
"2024-10-14 04:00:00",0.015625,537.7,1,0,0,0,0,999,"999"
"2024-10-14 04:15:00",0.015625,744.8,1,0,0,0,0,999,"999"
"2024-10-14 04:30:00",0.015625,721.6,1,0,0,0,0,999,"999"
"2024-10-14 04:45:00",0.015625,457,1,0,0,0,0,999,"999"
"2024-10-14 05:00:00",0.015625,523.4,1,0,0,0,0,999,"999"
"2024-10-14 05:15:00",0.015625,547.3,1,0,0,0,0,999,"999"
"2024-10-14 05:30:00",0.015625,555.5,1,0,0,0,0,999,"999"
"2024-10-14 05:45:00",0.015625,592.2,1,0,0,0,0,999,"999"
"2024-10-14 06:00:00",0.015625,697.2,1,0,0,0,0,999,"999"
"2024-10-14 06:15:00",0.015625,751.2,1,0,0,0,0,999,"999"
"2024-10-14 06:30:00",0.015625,509.8,1,0,0,0,0,999,"999"
"2024-10-14 06:45:00",0.015625,452,1,0,0,0,0,999,"999"
"2024-10-14 07:00:00",0.015625,547.4,1,0,0,0,0,999,"999"
"2024-10-14 07:15:00",0.015625,613,1,0,0,0,0,999,"999"
"2024-10-14 07:30:00",0.015625,644.6,1,0,0,0,0,999,"999"
"2024-10-14 07:45:00",0.015625,500.2,1,0,0,0,0,999,"999"
"2024-10-14 08:00:00",0.015625,489.3,1,0,0,0,0,999,"999"
"2024-10-14 08:15:00",0.015625,539.6,1,0,0,0,0,999,"999"
"2024-10-14 08:30:00",0.015625,448,1,0,0,0,0,999,"999"
"2024-10-14 08:45:00",0.015625,479.4,1,0,0,0,0,999,"999"
"2024-10-14 09:00:00",0.015625,512,1,0,0,0,0,999,"999"
"2024-10-14 09:15:00",0.015625,564.2,1,0,0,0,0,999,"999"
"2024-10-14 09:30:00",0.015625,518.4,1,0,0,0,0,999,"999"
"2024-10-14 09:45:00",0.015625,608.3,1,0,0,0,0,999,"999"
"2024-10-14 10:00:00",0.015625,467.4,1,0,0,0,0,999,"999"
"2024-10-14 10:15:00",0.015625,422.3,1,0,0,0,0,999,"999"
"2024-10-14 10:30:00",0.015625,652.8,1,0,0,0,0,999,"999"
"2024-10-14 10:45:00",0.015625,576.6,1,0,0,0,0,999,"999"
"2024-10-14 11:00:00",0.015625,741.8,1,0,0,0,0,999,"999"
"2024-10-14 11:15:00",0.015625,519.4,1,0,0,0,0,999,"999"
"2024-10-14 11:30:00",0.015625,456.1,1,0,0,0,0,999,"999"
"2024-10-14 11:45:00",0.015625,529.9,1,0,0,0,0,999,"999"
"2024-10-14 12:00:00",0.015625,556.3,1,0,0,0,0,999,"999"
"2024-10-14 12:15:00",0.015625,557.2,1,0,0,0,0,999,"999"
"2024-10-14 12:30:00",0.015625,577.5,1,0,0,0,0,999,"999"
"2024-10-14 12:45:00",0.015625,416.1,1,0,0,0,0,999,"999"
"2024-10-14 13:00:00",0.015625,278.3,1,0,0,0,0,999,"999"
"2024-10-14 13:15:00",0.015625,620.9,1,0,0,0,0,999,"999"
"2024-10-14 13:30:00",0.015625,304.8,1,0,0,0,0,999,"999"
"2024-10-14 13:45:00",0.109375,338.6,1,0,0,0,0,999,"999"
"2024-10-14 14:00:00",0.34375,375.1,1,0,0,0,0,999,"999"
"2024-10-14 14:15:00",0.34375,321.9,1,0,0,0,0,999,"999"
"2024-10-14 14:30:00",0.34375,343.5,1,0,0,0,0,999,"999"
"2024-10-14 14:45:00",0.34375,320.6,1,0,0,0,0,999,"999"
"2024-10-14 15:00:00",0.34375,362.8,1,0,0,0,0,999,"999"
"2024-10-14 15:15:00",0.109375,473.8,1,0,0,0,0,999,"999"
"2024-10-14 15:30:00",0.015625,357.7,1,0,0,0,0,999,"999"
"2024-10-14 15:45:00",0.015625,246,1,0,0,0,0,999,"999"
"2024-10-14 16:00:00",0.015625,295.2,1,0,0,0,0,999,"999"
"2024-10-14 16:15:00",0.015625,265.3,1,0,0,0,0,999,"999"
"2024-10-14 16:30:00",0.015625,427.6,1,0,0,0,0,999,"999"
"2024-10-14 16:45:00",0.015625,381.3,1,0,0,0,0,999,"999"
"2024-10-14 17:00:00",0.015625,429.2,1,0,0,0,0,999,"999"
"2024-10-14 17:15:00",0.015625,353.5,1,0,0,0,0,999,"999"
"2024-10-14 17:30:00",0.015625,509.4,1,0,0,0,0,999,"999"
"2024-10-14 17:45:00",0.015625,411,1,0,0,0,0,999,"999"
"2024-10-14 18:00:00",0.015625,422.7,1,0,0,0,0,999,"999"
"2024-10-14 18:15:00",0.015625,372.3,1,0,0,0,0,999,"999"
"2024-10-14 18:30:00",0.015625,383.8,1,0,0,0,0,999,"999"
"2024-10-14 18:45:00",0.015625,429.8,1,0,0,0,0,999,"999"
"2024-10-14 19:00:00",0.015625,385.6,1,0,0,0,0,999,"999"
"2024-10-14 19:15:00",0.015625,426.8,1,0,0,0,0,999,"999"
"2024-10-14 19:30:00",0.015625,342.1,1,0,0,0,0,999,"999"
"2024-10-14 19:45:00",0.015625,531.3,1,0,0,0,0,999,"999"
"2024-10-14 20:00:00",0.015625,461.9,1,0,0,0,0,999,"999"
"2024-10-14 20:15:00",0.015625,408.8,1,0,0,0,0,999,"999"
"2024-10-14 20:30:00",0.015625,334.5,1,0,0,0,0,999,"999"
"2024-10-14 20:45:00",0.015625,476.5,1,0,0,0,0,999,"999"
"2024-10-14 21:00:00",0.015625,494.1,1,0,0,0,0,999,"999"
"2024-10-14 21:15:00",0.015625,652.1,1,0,0,0,0,999,"999"
"2024-10-14 21:30:00",0.015625,442,1,0,0,0,0,999,"999"
"2024-10-14 21:45:00",0.015625,361.2,1,0,0,0,0,999,"999"
"2024-10-14 22:00:00",0.015625,484.3,1,0,0,0,0,999,"999"
"2024-10-14 22:15:00",0.015625,432.9,1,0,0,0,0,999,"999"
"2024-10-14 22:30:00",0.015625,472.3,1,0,0,0,0,999,"999"
"2024-10-14 22:45:00",0.015625,519.1,1,0,0,0,0,999,"999"
"2024-10-14 23:00:00",0.015625,720,1,0,0,0,0,999,"999"
"2024-10-14 23:15:00",0.109375,571.1,1,0,0,0,0,999,"999"
"2024-10-14 23:30:00",0.109375,426.6,1,0,0,0,0,999,"999"
"2024-10-14 23:45:00",0.109375,331.8,1,0,0,0,0,999,"999"
"2024-10-15 00:00:00",0.109375,606.6,1,0,0,0,0,999,"999"
"2024-10-15 00:15:00",0.34375,445.5,1,0,0,0,0,999,"999"
"2024-10-15 00:30:00",0.34375,457.7,1,0,0,0,0,999,"999"
"2024-10-15 00:45:00",0.109375,528.3,1,0,0,0,0,999,"999"
"2024-10-15 01:00:00",0.109375,643.4,1,0,0,0,0,999,"999"
"2024-10-15 01:15:00",0.109375,489.8,1,0,0,0,0,999,"999"
"2024-10-15 01:30:00",0.109375,818.9,1,0,0,0,0,999,"999"
"2024-10-15 01:45:00",0.109375,585.3,1,0,0,0,0,999,"999"
"2024-10-15 02:00:00",0.109375,498.4,1,0,0,0,0,999,"999"
"2024-10-15 02:15:00",0.109375,350.6,1,0,0,0,0,999,"999"
"2024-10-15 02:30:00",0.109375,409.2,1,0,0,0,0,999,"999"
"2024-10-15 02:45:00",0.109375,364.6,1,0,0,0,0,999,"999"
"2024-10-15 03:00:00",0.109375,438.9,1,0,0,0,0,999,"999"
"2024-10-15 03:15:00",0.015625,709,1,0,0,0,0,999,"999"
"2024-10-15 03:30:00",0.015625,592.7,1,0,0,0,0,999,"999"
"2024-10-15 03:45:00",0.015625,567.6,1,0,0,0,0,999,"999"
"2024-10-15 04:00:00",0.015625,342,1,0,0,0,0,999,"999"
"2024-10-15 04:15:00",0.015625,642.5,1,0,0,0,0,999,"999"
"2024-10-15 04:30:00",0.109375,945.8,1,0,0,0,0,999,"999"
"2024-10-15 04:45:00",0.34375,452.5,1,0,0,0,0,999,"999"
"2024-10-15 05:00:00",0.34375,344.1,1,0,0,0,0,999,"999"
"2024-10-15 05:15:00",0.34375,518.4,1,0,0,0,0,999,"999"
"2024-10-15 05:30:00",0.34375,753.1,1,0,0,0,0,999,"999"
"2024-10-15 05:45:00",0.34375,900.2,1,0,0,0,0,999,"999"
"2024-10-15 06:00:00",0.34375,547.3,1,0,0,0,0,999,"999"
"2024-10-15 06:15:00",0.109375,583.8,1,0,0,0,0,999,"999"
"2024-10-15 06:30:00",0.109375,607.9,1,0,0,0,0,999,"999"
"2024-10-15 06:45:00",0.109375,658.3,1,0,0,0,0,999,"999"
"2024-10-15 07:00:00",0.34375,650.1,1,0,0,0,0,999,"999"
"2024-10-15 07:15:00",0.65625,671.3,1,0,0,0,0,999,"999"
"2024-10-15 07:30:00",0.65625,518.3,1,0,0,0,0,999,"999"
"2024-10-15 07:45:00",0.65625,679,1,0,0,0,0,999,"999"
"2024-10-15 08:00:00",0.65625,489.8,1,0,0,0,0,999,"999"
"2024-10-15 08:15:00",0.65625,662,1,0,0,0,0,999,"999"
"2024-10-15 08:30:00",0.34375,305.7,1,0,0,0,0,999,"999"
"2024-10-15 08:45:00",0.109375,586.8,1,0,0,0,0,999,"999"
"2024-10-15 09:00:00",0.015625,339.8,1,0,0,0,0,999,"999"
"2024-10-15 09:15:00",0.015625,371,1,0,0,0,0,999,"999"
"2024-10-15 09:30:00",0.015625,202.5,1,0,0,0,0,999,"999"
"2024-10-15 09:45:00",0.015625,890.9,1,0,0,0,0,999,"999"
"2024-10-15 10:00:00",0.109375,266,1,0,0,0,0,999,"999"
"2024-10-15 10:15:00",0.109375,506.7,1,0,0,0,0,999,"999"
"2024-10-15 10:30:00",0.109375,350.5,1,0,0,0,0,999,"999"
"2024-10-15 10:45:00",0.109375,309,1,0,0,0,0,999,"999"
"2024-10-15 11:00:00",0.109375,218.3,1,0,0,0,0,999,"999"
"2024-10-15 11:15:00",0.34375,270.8,1,0,0,0,0,999,"999"
"2024-10-15 11:30:00",0.34375,267.6,1,0,0,0,0,999,"999"
"2024-10-15 11:45:00",0.65625,207.1,1,0,0,0,0,999,"999"
"2024-10-15 12:00:00",0.890625,185.1,1,0,0,0,0,999,"999"
"2024-10-15 12:15:00",0.984375,136.3,1,0,0,0,0,999,"999"
"2024-10-15 12:30:00",1,517.9,1,0,0,1,0,999,"999"
"2024-10-15 12:45:00",1,328.7,1,0,0,0,0,999,"999"
"2024-10-15 13:00:00",1,324.2,1,0,0,0,0,999,"999"
"2024-10-15 13:15:00",1,433,1,0,0,0,0,999,"999"
"2024-10-15 13:30:00",1,226.3,1,0,0,0,0,999,"999"
"2024-10-15 13:45:00",1,583.3,1,0,0,0,0,999,"999"
"2024-10-15 14:00:00",1,169.9,1,0,0,0,0,999,"999"
"2024-10-15 14:15:00",1,147.3,1,0,0,0,0,999,"999"
"2024-10-15 14:30:00",1,170.8,1,0,0,0,0,999,"999"
"2024-10-15 14:45:00",1,274,1,0,0,0,0,999,"999"
"2024-10-15 15:00:00",1,196.7,1,0,0,0,0,999,"999"
"2024-10-15 15:15:00",1,175.9,1,0,0,0,1,999,"999"
"2024-10-15 15:30:00",0.015625,168.9,1,0,0,0,0,999,"999"
"2024-10-15 15:45:00",0.015625,216.1,1,0,0,0,0,999,"999"
"2024-10-15 16:00:00",0.015625,208.1,1,0,0,0,0,999,"999"
"2024-10-15 16:15:00",0.015625,226.4,1,0,0,0,0,999,"999"
"2024-10-15 16:30:00",0.015625,218.3,1,0,0,0,0,999,"999"
"2024-10-15 16:45:00",0.015625,286.3,1,0,0,0,0,999,"999"
"2024-10-15 17:00:00",0.015625,263.5,1,0,0,0,0,999,"999"
"2024-10-15 17:15:00",0.015625,268,1,0,0,0,0,999,"999"
"2024-10-15 17:30:00",0.015625,227.7,1,0,0,0,0,999,"999"
"2024-10-15 17:45:00",0.015625,315,1,0,0,0,0,999,"999"
"2024-10-15 18:00:00",0.015625,359.3,1,0,0,0,0,999,"999"
"2024-10-15 18:15:00",0.015625,325.1,1,0,0,0,0,999,"999"
"2024-10-15 18:30:00",0.015625,352.6,1,0,0,0,0,999,"999"
"2024-10-15 18:45:00",0.015625,308.4,1,0,0,0,0,999,"999"
"2024-10-15 19:00:00",0.015625,262.2,1,0,0,0,0,999,"999"
"2024-10-15 19:15:00",0.015625,316,1,0,0,0,0,999,"999"
"2024-10-15 19:30:00",0.015625,374.6,1,0,0,0,0,999,"999"
"2024-10-15 19:45:00",0.015625,315.6,1,0,0,0,0,999,"999"
"2024-10-15 20:00:00",0.015625,294.1,1,0,0,0,0,999,"999"
"2024-10-15 20:15:00",0.015625,344.9,1,0,0,0,0,999,"999"
"2024-10-15 20:30:00",0.015625,322.7,1,0,0,0,0,999,"999"
"2024-10-15 20:45:00",0.015625,370.3,1,0,0,0,0,999,"999"
"2024-10-15 21:00:00",0.015625,339.1,1,0,0,0,0,999,"999"
"2024-10-15 21:15:00",0.015625,377.3,1,0,0,0,0,999,"999"
"2024-10-15 21:30:00",0.015625,376.7,1,0,0,0,0,999,"999"
"2024-10-15 21:45:00",0.015625,394.8,1,0,0,0,0,999,"999"
"2024-10-15 22:00:00",0.015625,374,1,0,0,0,0,999,"999"
"2024-10-15 22:15:00",0.015625,412.4,1,0,0,0,0,999,"999"
"2024-10-15 22:30:00",0.015625,439.5,1,0,0,0,0,999,"999"
"2024-10-15 22:45:00",0.015625,467.2,1,0,0,0,0,999,"999"
"2024-10-15 23:00:00",0.015625,440.6,1,0,0,0,0,999,"999"
"2024-10-15 23:15:00",0.015625,498.2,1,0,0,0,0,999,"999"
"2024-10-15 23:30:00",0.015625,408.7,1,0,0,0,0,999,"999"
"2024-10-15 23:45:00",0.015625,380,1,0,0,0,0,999,"999"
"2024-10-16 00:00:00",0.015625,416,1,0,0,0,0,999,"999"
"2024-10-16 00:15:00",0.015625,399.4,1,0,0,0,0,999,"999"
"2024-10-16 00:30:00",0.015625,375,1,0,0,0,0,999,"999"
"2024-10-16 00:45:00",0.015625,440.9,1,0,0,0,0,999,"999"
"2024-10-16 01:00:00",0.015625,465.2,1,0,0,0,0,999,"999"
"2024-10-16 01:15:00",0.015625,445.4,1,0,0,0,0,999,"999"
"2024-10-16 01:30:00",0.015625,505.3,1,0,0,0,0,999,"999"
"2024-10-16 01:45:00",0.015625,520.1,1,0,0,0,0,999,"999"
"2024-10-16 02:00:00",0.015625,528.2,1,0,0,0,0,999,"999"
"2024-10-16 02:15:00",0.015625,560.4,1,0,0,0,0,999,"999"
"2024-10-16 02:30:00",0.015625,473.8,1,0,0,0,0,999,"999"
"2024-10-16 02:45:00",0.015625,480.2,1,0,0,0,0,999,"999"
"2024-10-16 03:00:00",0.015625,484.8,1,0,0,0,0,999,"999"
"2024-10-16 03:15:00",0.015625,472.8,1,0,0,0,0,999,"999"
"2024-10-16 03:30:00",0.015625,480.9,1,0,0,0,0,999,"999"
"2024-10-16 03:45:00",0.015625,462.7,1,0,0,0,0,999,"999"
"2024-10-16 04:00:00",0.015625,603.2,1,0,0,0,0,999,"999"
"2024-10-16 04:15:00",0.109375,625.5,1,0,0,0,0,999,"999"
"2024-10-16 04:30:00",0.34375,567.9,1,0,0,0,0,999,"999"
"2024-10-16 04:45:00",0.34375,577.8,1,0,0,0,0,999,"999"
"2024-10-16 05:00:00",0.34375,515.4,1,0,0,0,0,999,"999"
"2024-10-16 05:15:00",0.34375,556.8,1,0,0,0,0,999,"999"
"2024-10-16 05:30:00",0.34375,442.2,1,0,0,0,0,999,"999"
"2024-10-16 05:45:00",0.109375,499.3,1,0,0,0,0,999,"999"
"2024-10-16 06:00:00",0.015625,541.2,1,0,0,0,0,999,"999"
"2024-10-16 06:15:00",0.015625,535.4,1,0,0,0,0,999,"999"
"2024-10-16 06:30:00",0.015625,471.5,1,0,0,0,0,999,"999"
"2024-10-16 06:45:00",0.015625,551.6,1,0,0,0,0,999,"999"
"2024-10-16 07:00:00",0.015625,628.9,1,0,0,0,0,999,"999"
"2024-10-16 07:15:00",0.015625,541.9,1,0,0,0,0,999,"999"
"2024-10-16 07:30:00",0.015625,499,1,0,0,0,0,999,"999"
"2024-10-16 07:45:00",0.015625,797.3,1,0,0,0,0,999,"999"
"2024-10-16 08:00:00",0.109375,559.3,1,0,0,0,0,999,"999"
"2024-10-16 08:15:00",0.109375,655.2,1,0,0,0,0,999,"999"
"2024-10-16 08:30:00",0.109375,636.2,1,0,0,0,0,999,"999"
"2024-10-16 08:45:00",0.109375,763.7,1,0,0,0,0,999,"999"
"2024-10-16 09:00:00",0.34375,608.6,1,0,0,0,0,999,"999"
"2024-10-16 09:15:00",0.34375,806.3,1,0,0,0,0,999,"999"
"2024-10-16 09:30:00",0.34375,640.8,1,0,0,0,0,999,"999"
"2024-10-16 09:45:00",0.34375,673.6,1,0,0,0,0,999,"999"
"2024-10-16 10:00:00",0.34375,568.9,1,0,0,0,0,999,"999"
"2024-10-16 10:15:00",0.34375,726.6,1,0,0,0,0,999,"999"
"2024-10-16 10:30:00",0.109375,671.9,1,0,0,0,0,999,"999"
"2024-10-16 10:45:00",0.109375,371.2,1,0,0,0,0,999,"999"
"2024-10-16 11:00:00",0.109375,316.7,1,0,0,0,0,999,"999"
"2024-10-16 11:15:00",0.34375,234.8,1,0,0,0,0,999,"999"
"2024-10-16 11:30:00",0.65625,157.5,1,0,0,0,0,999,"999"
"2024-10-16 11:45:00",0.890625,308.7,1,0,0,0,0,999,"999"
"2024-10-16 12:00:00",0.984375,195.2,1,0,0,0,0,999,"999"
"2024-10-16 12:15:00",1,233.3,1,0,0,1,0,999,"999"
"2024-10-16 12:30:00",1,202.1,1,0,0,0,0,999,"999"
"2024-10-16 12:45:00",1,228.2,1,0,0,0,0,999,"999"
"2024-10-16 13:00:00",1,163.2,1,0,0,0,0,999,"999"
"2024-10-16 13:15:00",1,110.1,1,0,0,0,0,999,"999"
"2024-10-16 13:30:00",1,149.9,1,0,0,0,0,999,"999"
"2024-10-16 13:45:00",1,161.3,1,0,0,0,0,999,"999"
"2024-10-16 14:00:00",1,156.3,1,0,0,0,0,999,"999"
"2024-10-16 14:15:00",1,140,1,0,0,0,0,999,"999"
"2024-10-16 14:30:00",1,196.2,1,0,0,0,0,999,"999"
"2024-10-16 14:45:00",1,268.4,1,0,0,0,0,999,"999"
"2024-10-16 15:00:00",1,253.5,1,0,0,0,1,999,"999"
"2024-10-16 15:15:00",0.015625,276.5,1,0,0,0,0,999,"999"
"2024-10-16 15:30:00",0.015625,237,1,0,0,0,0,999,"999"
"2024-10-16 15:45:00",0.015625,323.6,1,0,0,0,0,999,"999"
"2024-10-16 16:00:00",0.015625,334.9,1,0,0,0,0,999,"999"
"2024-10-16 16:15:00",0.015625,415.3,1,0,0,0,0,999,"999"
"2024-10-16 16:30:00",0.015625,172.2,1,0,0,0,0,999,"999"
"2024-10-16 16:45:00",0.015625,304,1,0,0,0,0,999,"999"
"2024-10-16 17:00:00",0.015625,342.4,1,0,0,0,0,999,"999"
"2024-10-16 17:15:00",0.015625,264.7,1,0,0,0,0,999,"999"
"2024-10-16 17:30:00",0.015625,186.2,1,0,0,0,0,999,"999"
"2024-10-16 17:45:00",0.015625,354,1,0,0,0,0,999,"999"
"2024-10-16 18:00:00",0.015625,332.9,1,0,0,0,0,999,"999"
"2024-10-16 18:15:00",0.015625,257.7,1,0,0,0,0,999,"999"
"2024-10-16 18:30:00",0.015625,221.9,1,0,0,0,0,999,"999"
"2024-10-16 18:45:00",0.015625,201.2,1,0,0,0,0,999,"999"
"2024-10-16 19:00:00",0.015625,272.3,1,0,0,0,0,999,"999"
"2024-10-16 19:15:00",0.015625,236.8,1,0,0,0,0,999,"999"
"2024-10-16 19:30:00",0.015625,271.9,1,0,0,0,0,999,"999"
"2024-10-16 19:45:00",0.015625,269.1,1,0,0,0,0,999,"999"
"2024-10-16 20:00:00",0.015625,197.5,1,0,0,0,0,999,"999"
"2024-10-16 20:15:00",0.015625,199,1,0,0,0,0,999,"999"
"2024-10-16 20:30:00",0.015625,164.9,1,0,0,0,0,999,"999"
"2024-10-16 20:45:00",0.015625,149.2,1,0,0,0,0,999,"999"
"2024-10-16 21:00:00",0.015625,152.1,1,0,0,0,0,999,"999"
"2024-10-16 21:15:00",0.015625,196.6,1,0,0,0,0,999,"999"
"2024-10-16 21:30:00",0.015625,160.4,1,0,0,0,0,999,"999"
"2024-10-16 21:45:00",0.015625,175.2,1,0,0,0,0,999,"999"
"2024-10-16 22:00:00",0.015625,151.7,1,0,0,0,0,999,"999"
"2024-10-16 22:15:00",0.015625,160.9,1,0,0,0,0,999,"999"
"2024-10-16 22:30:00",0.015625,170.4,1,0,0,0,0,999,"999"
"2024-10-16 22:45:00",0.015625,227.5,1,0,0,0,0,999,"999"
"2024-10-16 23:00:00",0.015625,181.6,1,0,0,0,0,999,"999"
"2024-10-16 23:15:00",0.015625,181.9,1,0,0,0,0,999,"999"
"2024-10-16 23:30:00",0.015625,146.3,1,0,0,0,0,999,"999"
"2024-10-16 23:45:00",0.015625,214.5,1,0,0,0,0,999,"999"
"2024-10-17 00:00:00",0.015625,211,1,0,0,0,0,999,"999"
"2024-10-17 00:15:00",0.015625,216.3,1,0,0,0,0,999,"999"
"2024-10-17 00:30:00",0.015625,176.2,1,0,0,0,0,999,"999"
"2024-10-17 00:45:00",0.015625,180.8,1,0,0,0,0,999,"999"
"2024-10-17 01:00:00",0.015625,169.6,1,0,0,0,0,999,"999"
"2024-10-17 01:15:00",0.015625,194.8,1,0,0,0,0,999,"999"
"2024-10-17 01:30:00",0.015625,173.5,1,0,0,0,0,999,"999"
"2024-10-17 01:45:00",0.015625,189.2,1,0,0,0,0,999,"999"
"2024-10-17 02:00:00",0.015625,388.4,1,0,0,0,0,999,"999"
"2024-10-17 02:15:00",0.109375,212.6,1,0,0,0,0,999,"999"
"2024-10-17 02:30:00",0.109375,193.9,1,0,0,0,0,999,"999"
"2024-10-17 02:45:00",0.109375,171.6,1,0,0,0,0,999,"999"
"2024-10-17 03:00:00",0.109375,179.8,1,0,0,0,0,999,"999"
"2024-10-17 03:15:00",0.109375,251.1,1,0,0,0,0,999,"999"
"2024-10-17 03:30:00",0.109375,197.1,1,0,0,0,0,999,"999"
"2024-10-17 03:45:00",0.015625,215.8,1,0,0,0,0,999,"999"
"2024-10-17 04:00:00",0.015625,251.4,1,0,0,0,0,999,"999"
"2024-10-17 04:15:00",0.015625,350.6,1,0,0,0,0,999,"999"
"2024-10-17 04:30:00",0.109375,216.5,1,0,0,0,0,999,"999"
"2024-10-17 04:45:00",0.109375,333.1,1,0,0,0,0,999,"999"
"2024-10-17 05:00:00",0.34375,283.5,1,0,0,0,0,999,"999"
"2024-10-17 05:15:00",0.65625,296.5,1,0,0,0,0,999,"999"
"2024-10-17 05:30:00",0.890625,400,1,0,0,0,0,999,"999"
"2024-10-17 05:45:00",0.984375,280,1,0,0,0,0,999,"999"
"2024-10-17 06:00:00",0.890625,393.7,1,0,0,0,0,999,"999"
"2024-10-17 06:15:00",0.984375,505.1,1,0,0,0,0,999,"999"
"2024-10-17 06:30:00",0.984375,351.5,1,0,0,0,0,999,"999"
"2024-10-17 06:45:00",0.984375,384.4,1,0,0,0,0,999,"999"
"2024-10-17 07:00:00",0.984375,433.2,1,0,0,0,0,999,"999"
"2024-10-17 07:15:00",0.984375,438.1,1,0,0,0,0,999,"999"
"2024-10-17 07:30:00",1,407,1,0,0,1,0,999,"999"
"2024-10-17 07:45:00",1,487.1,1,0,0,0,0,999,"999"
"2024-10-17 08:00:00",1,355.1,1,0,0,0,0,999,"999"
"2024-10-17 08:15:00",1,367.4,1,0,0,0,0,999,"999"
"2024-10-17 08:30:00",1,294.9,1,0,0,0,1,999,"999"
"2024-10-17 08:45:00",0.984375,377.8,1,0,0,0,0,999,"999"
"2024-10-17 09:00:00",0.984375,415.4,1,0,0,0,0,999,"999"
"2024-10-17 09:15:00",0.984375,410.4,1,0,0,0,0,999,"999"
"2024-10-17 09:30:00",0.984375,581.3,1,0,0,0,0,999,"999"
"2024-10-17 09:45:00",0.984375,482.3,1,0,0,0,0,999,"999"
"2024-10-17 10:00:00",0.984375,453,1,0,0,0,0,999,"999"
"2024-10-17 10:15:00",1,474.1,1,0,0,1,0,999,"999"
"2024-10-17 10:30:00",1,426.9,1,0,0,0,0,999,"999"
"2024-10-17 10:45:00",1,470.2,1,0,0,0,0,999,"999"
"2024-10-17 11:00:00",1,508.7,1,0,0,0,0,999,"999"
"2024-10-17 11:15:00",1,482.8,1,0,0,0,0,999,"999"
"2024-10-17 11:30:00",1,467.2,1,0,0,0,0,999,"999"
"2024-10-17 11:45:00",1,375.9,1,0,0,0,1,999,"999"
"2024-10-17 12:00:00",0.015625,380.6,1,0,0,0,0,999,"999"
"2024-10-17 12:15:00",0.015625,242.3,1,0,0,0,0,999,"999"
"2024-10-17 12:30:00",0.015625,234.3,1,0,0,0,0,999,"999"
"2024-10-17 12:45:00",0.015625,130.1,1,0,0,0,0,999,"999"
"2024-10-17 13:00:00",0.015625,332.6,1,0,0,0,0,999,"999"
"2024-10-17 13:15:00",0.015625,293.7,1,0,0,0,0,999,"999"
"2024-10-17 13:30:00",0.015625,221.8,1,0,0,0,0,999,"999"
"2024-10-17 13:45:00",0.015625,249,1,0,0,0,0,999,"999"
"2024-10-17 14:00:00",0.015625,321.1,1,0,0,0,0,999,"999"
"2024-10-17 14:15:00",0.015625,100.2,1,0,0,0,0,999,"999"
"2024-10-17 14:30:00",0.015625,115.4,1,0,0,0,0,999,"999"
"2024-10-17 14:45:00",0.015625,141.6,1,0,0,0,0,999,"999"
"2024-10-17 15:00:00",0.015625,233.8,1,0,0,0,0,999,"999"
"2024-10-17 15:15:00",0.015625,205.9,1,0,0,0,0,999,"999"
"2024-10-17 15:30:00",0.015625,349.3,1,0,0,0,0,999,"999"
"2024-10-17 15:45:00",0.015625,314.5,1,0,0,0,0,999,"999"
"2024-10-17 16:00:00",0.015625,58.3,1,0,0,0,0,999,"999"
"2024-10-17 16:15:00",0.015625,161.4,1,0,0,0,0,999,"999"
"2024-10-17 16:30:00",0.015625,148.3,1,0,0,0,0,999,"999"
"2024-10-17 16:45:00",0.015625,123.8,1,0,0,0,0,999,"999"
"2024-10-17 17:00:00",0.015625,73,1,0,0,0,0,999,"999"
"2024-10-17 17:15:00",0.015625,34.7,1,0,0,0,0,999,"999"
"2024-10-17 17:30:00",0.015625,105.9,1,0,0,0,0,999,"999"
"2024-10-17 17:45:00",0.015625,62.6,1,0,0,0,0,999,"999"
"2024-10-17 18:00:00",0.015625,30.1,1,0,0,0,0,999,"999"
"2024-10-17 18:15:00",0.015625,107.8,1,0,1,0,0,999,"TRUE"
"2024-10-17 18:30:00",0.015625,15.7,0,0,0,0,0,999,"999"
"2024-10-17 18:45:00",0.015625,23.5,0,0,0,0,0,999,"999"
"2024-10-17 19:00:00",0.015625,38.2,0,0,0,0,0,999,"999"
"2024-10-17 19:15:00",0.015625,49.8,0,0,0,0,0,999,"999"
"2024-10-17 19:30:00",0.015625,10.3,0,0,0,0,0,999,"999"
"2024-10-17 19:45:00",0.015625,8.9,0,0,0,0,0,999,"999"
"2024-10-17 20:00:00",0.015625,12.2,0,0,0,0,0,999,"999"
"2024-10-17 20:15:00",0.015625,12.1,0,0,0,0,0,999,"999"
"2024-10-17 20:30:00",0.015625,50.9,0,0,0,0,0,999,"999"
"2024-10-17 20:45:00",0.015625,14.5,0,0,0,0,0,999,"999"
"2024-10-17 21:00:00",0.015625,23.2,0,0,0,0,0,999,"999"
"2024-10-17 21:15:00",0.015625,39.4,0,0,0,0,0,999,"999"
"2024-10-17 21:30:00",0.015625,24.9,0,0,0,0,0,999,"999"
"2024-10-17 21:45:00",0.015625,22.2,0,0,0,0,0,999,"999"
"2024-10-17 22:00:00",0.015625,17.3,0,0,0,0,0,999,"999"
"2024-10-17 22:15:00",0.015625,24.1,0,0,0,0,0,999,"999"
"2024-10-17 22:30:00",0.015625,13.7,0,0,0,0,0,999,"999"
"2024-10-17 22:45:00",0.015625,22.8,0,0,0,0,0,999,"999"
"2024-10-17 23:00:00",0.015625,22.7,0,0,0,0,0,999,"999"
"2024-10-17 23:15:00",0.015625,11.4,0,0,0,0,0,999,"999"
"2024-10-17 23:30:00",0.015625,18.1,0,0,0,0,0,999,"999"
"2024-10-17 23:45:00",0.015625,12.3,0,0,0,0,0,999,"999"
"2024-10-18 00:00:00",0.015625,8.4,0,0,0,0,0,999,"999"
"2024-10-18 00:15:00",0.015625,8.7,0,0,0,0,0,999,"999"
"2024-10-18 00:30:00",0.015625,20,0,0,0,0,0,999,"999"
"2024-10-18 00:45:00",0.015625,14.5,0,0,0,0,0,999,"999"
"2024-10-18 01:00:00",0.015625,36.5,0,0,0,0,0,999,"999"
"2024-10-18 01:15:00",0.015625,22.3,0,0,0,0,0,999,"999"
"2024-10-18 01:30:00",0.015625,19.2,0,0,0,0,0,999,"999"
"2024-10-18 01:45:00",0.015625,38.3,0,0,0,0,0,999,"999"
"2024-10-18 02:00:00",0.015625,41.6,0,0,0,0,0,999,"999"
"2024-10-18 02:15:00",0.015625,9.7,0,0,0,0,0,999,"999"
"2024-10-18 02:30:00",0.015625,33.5,0,0,0,0,0,999,"999"
"2024-10-18 02:45:00",0.015625,14.1,0,0,0,0,0,999,"999"
"2024-10-18 03:00:00",0.015625,23.9,0,0,0,0,0,999,"999"
"2024-10-18 03:15:00",0.015625,13.1,0,0,0,0,0,999,"999"
"2024-10-18 03:30:00",0.015625,27.8,0,0,0,0,0,999,"999"
"2024-10-18 03:45:00",0.015625,24.5,0,0,0,0,0,999,"999"
"2024-10-18 04:00:00",0.015625,7.9,0,0,0,0,0,999,"999"
"2024-10-18 04:15:00",0.015625,38.2,0,0,0,0,0,999,"999"
"2024-10-18 04:30:00",0.015625,26.1,0,0,0,0,0,999,"999"
"2024-10-18 04:45:00",0.015625,17.4,0,0,0,0,0,999,"999"
"2024-10-18 05:00:00",0.015625,15.4,0,0,0,0,0,999,"999"
"2024-10-18 05:15:00",0.015625,15.1,0,0,0,0,0,999,"999"
"2024-10-18 05:30:00",0.015625,16.8,0,0,0,0,0,999,"999"
"2024-10-18 05:45:00",0.015625,12.8,0,0,0,0,0,999,"999"
"2024-10-18 06:00:00",0.015625,8.3,0,0,0,0,0,999,"999"
"2024-10-18 06:15:00",0.015625,14.1,0,0,0,0,0,999,"999"
"2024-10-18 06:30:00",0.015625,46.6,0,0,0,0,0,999,"999"
"2024-10-18 06:45:00",0.109375,8.2,0,0,0,0,0,999,"999"
"2024-10-18 07:00:00",0.109375,16,0,0,0,0,0,999,"999"
"2024-10-18 07:15:00",0.109375,60.7,0,0,0,0,0,999,"999"
"2024-10-18 07:30:00",0.34375,25.8,0,0,0,0,0,999,"999"
"2024-10-18 07:45:00",0.34375,20.5,0,0,0,0,0,999,"999"
"2024-10-18 08:00:00",0.34375,8.9,0,0,0,0,0,999,"999"
"2024-10-18 08:15:00",0.109375,20,0,0,0,0,0,999,"999"
"2024-10-18 08:30:00",0.109375,8,0,0,0,0,0,999,"999"
"2024-10-18 08:45:00",0.109375,22.2,0,0,0,0,0,999,"999"
"2024-10-18 09:00:00",0.015625,22.7,0,0,0,0,0,999,"999"
"2024-10-18 09:15:00",0.015625,41.2,0,0,0,0,0,999,"999"
"2024-10-18 09:30:00",0.015625,29.6,0,0,0,0,0,999,"999"
"2024-10-18 09:45:00",0.015625,28.3,0,0,0,0,0,999,"999"
"2024-10-18 10:00:00",0.015625,14.2,0,0,0,0,0,999,"999"
"2024-10-18 10:15:00",0.015625,42.3,0,0,0,0,0,999,"999"
"2024-10-18 10:30:00",0.015625,20.6,0,0,0,0,0,999,"999"
"2024-10-18 10:45:00",0.015625,26.7,0,0,0,0,0,999,"999"
"2024-10-18 11:00:00",0.015625,48,0,0,0,0,0,999,"999"
"2024-10-18 11:15:00",0.015625,28.4,0,0,0,0,0,999,"999"
"2024-10-18 11:30:00",0.015625,90,0,0,0,0,0,999,"999"
"2024-10-18 11:45:00",0.109375,24.2,0,0,0,0,0,999,"999"
"2024-10-18 12:00:00",0.34375,27.3,0,0,0,0,0,999,"999"
"2024-10-18 12:15:00",0.65625,52.4,0,0,0,0,0,999,"999"
"2024-10-18 12:30:00",0.890625,40,0,0,0,0,0,999,"999"
"2024-10-18 12:45:00",0.984375,109.1,1,1,0,0,0,999,"999"
"2024-10-18 13:00:00",1,112.5,1,0,0,1,0,999,"999"
"2024-10-18 13:15:00",1,123.7,1,0,0,0,0,999,"999"
"2024-10-18 13:30:00",1,115.9,1,0,0,0,0,999,"999"
"2024-10-18 13:45:00",1,60.4,1,0,0,0,0,999,"999"
"2024-10-18 14:00:00",1,136.5,1,0,0,0,0,999,"999"
"2024-10-18 14:15:00",1,90.5,1,0,0,0,0,999,"999"
"2024-10-18 14:30:00",1,85.4,1,0,0,0,0,999,"999"
"2024-10-18 14:45:00",1,56.7,1,0,0,0,0,999,"999"
"2024-10-18 15:00:00",1,54.2,1,0,0,0,0,999,"999"
"2024-10-18 15:15:00",1,118.1,1,0,0,0,0,999,"999"
"2024-10-18 15:30:00",1,25.1,1,0,0,0,0,999,"999"
"2024-10-18 15:45:00",1,15.1,1,0,0,0,1,999,"999"
"2024-10-18 16:00:00",0.015625,15.3,1,0,0,0,0,999,"999"
"2024-10-18 16:15:00",0.015625,23.3,1,0,0,0,0,999,"999"
"2024-10-18 16:30:00",0.015625,12.6,1,0,0,0,0,999,"999"
"2024-10-18 16:45:00",0.015625,25.8,1,0,0,0,0,999,"999"
"2024-10-18 17:00:00",0.015625,174.1,1,0,0,0,0,999,"999"
"2024-10-18 17:15:00",0.109375,83.1,1,0,0,0,0,999,"999"
"2024-10-18 17:30:00",0.109375,68.6,1,0,0,0,0,999,"999"
"2024-10-18 17:45:00",0.109375,226,1,0,0,0,0,999,"999"
"2024-10-18 18:00:00",0.34375,197.5,1,0,0,0,0,999,"999"
"2024-10-18 18:15:00",0.65625,250.1,1,0,0,0,0,999,"999"
"2024-10-18 18:30:00",0.890625,206.4,1,0,0,0,0,999,"999"
"2024-10-18 18:45:00",0.890625,211.4,1,0,0,0,0,999,"999"
"2024-10-18 19:00:00",0.984375,161.5,1,0,0,0,0,999,"999"
"2024-10-18 19:15:00",1,127.7,1,0,0,1,1,999,"999"
"2024-10-18 19:30:00",0.984375,142.5,1,0,0,0,0,999,"999"
"2024-10-18 19:45:00",0.890625,245.4,1,0,0,0,0,999,"999"
"2024-10-18 20:00:00",0.890625,156.8,1,0,0,0,0,999,"999"
"2024-10-18 20:15:00",0.65625,175.2,1,0,0,0,0,999,"999"
"2024-10-18 20:30:00",0.34375,273.1,1,0,0,0,0,999,"999"
"2024-10-18 20:45:00",0.34375,267.3,1,0,0,0,0,999,"999"
"2024-10-18 21:00:00",0.65625,339.4,1,0,0,0,0,999,"999"
"2024-10-18 21:15:00",0.890625,298,1,0,0,0,0,999,"999"
"2024-10-18 21:30:00",0.890625,325.1,1,0,0,0,0,999,"999"
"2024-10-18 21:45:00",0.984375,293.6,1,0,0,0,0,999,"999"
"2024-10-18 22:00:00",1,588.9,1,0,0,1,0,999,"999"
"2024-10-18 22:15:00",1,342.7,1,0,0,0,0,999,"999"
"2024-10-18 22:30:00",1,303.8,1,0,0,0,0,999,"999"
"2024-10-18 22:45:00",1,461.3,1,0,0,0,0,999,"999"
"2024-10-18 23:00:00",1,794.7,1,0,0,0,0,999,"999"
"2024-10-18 23:15:00",1,180.5,1,0,0,0,1,999,"999"
"2024-10-18 23:30:00",0.984375,394.7,1,0,0,0,0,999,"999"
"2024-10-18 23:45:00",0.984375,332.8,1,0,0,0,0,999,"999"
"2024-10-19 00:00:00",0.984375,247.1,1,0,0,0,0,999,"999"
"2024-10-19 00:15:00",0.890625,16.9,1,0,0,0,0,999,"999"
"2024-10-19 00:30:00",0.890625,443.7,1,0,0,0,0,999,"999"
"2024-10-19 00:45:00",0.890625,216.3,1,0,0,0,0,999,"999"
"2024-10-19 01:00:00",0.890625,337,1,0,0,0,0,999,"999"
"2024-10-19 01:15:00",0.890625,147.1,1,0,0,0,0,999,"999"
"2024-10-19 01:30:00",0.65625,162.6,1,0,0,0,0,999,"999"
"2024-10-19 01:45:00",0.65625,202.3,1,0,0,0,0,999,"999"
"2024-10-19 02:00:00",0.34375,241.9,1,0,0,0,0,999,"999"
"2024-10-19 02:15:00",0.109375,162.6,1,0,0,0,0,999,"999"
"2024-10-19 02:30:00",0.109375,200.8,1,0,0,0,0,999,"999"
"2024-10-19 02:45:00",0.015625,116.7,1,0,0,0,0,999,"999"
"2024-10-19 03:00:00",0.015625,142.2,1,0,0,0,0,999,"999"
"2024-10-19 03:15:00",0.015625,252.8,1,0,0,0,0,999,"999"
"2024-10-19 03:30:00",0.015625,265.7,1,0,0,0,0,999,"999"
"2024-10-19 03:45:00",0.015625,250.6,1,0,0,0,0,999,"999"
"2024-10-19 04:00:00",0.015625,317.9,1,0,0,0,0,999,"999"
"2024-10-19 04:15:00",0.015625,240.9,1,0,0,0,0,999,"999"
"2024-10-19 04:30:00",0.015625,215.5,1,0,0,0,0,999,"999"
"2024-10-19 04:45:00",0.015625,350.1,1,0,0,0,0,999,"999"
"2024-10-19 05:00:00",0.015625,162.4,1,0,0,0,0,999,"999"
"2024-10-19 05:15:00",0.015625,88.8,1,0,0,0,0,999,"999"
"2024-10-19 05:30:00",0.015625,111,1,0,0,0,0,999,"999"
"2024-10-19 05:45:00",0.015625,619.7,1,0,0,0,0,999,"999"
"2024-10-19 06:00:00",0.109375,529.6,1,0,0,0,0,999,"999"
"2024-10-19 06:15:00",0.34375,217.8,1,0,0,0,0,999,"999"
"2024-10-19 06:30:00",0.34375,186.7,1,0,0,0,0,999,"999"
"2024-10-19 06:45:00",0.34375,579.6,1,0,0,0,0,999,"999"
"2024-10-19 07:00:00",0.65625,298.8,1,0,0,0,0,999,"999"
"2024-10-19 07:15:00",0.65625,121.2,1,0,0,0,0,999,"999"
"2024-10-19 07:30:00",0.34375,238,1,0,0,0,0,999,"999"
"2024-10-19 07:45:00",0.109375,69.7,1,0,0,0,0,999,"999"
"2024-10-19 08:00:00",0.109375,94.3,1,0,0,0,0,999,"999"
"2024-10-19 08:15:00",0.109375,529.7,1,0,0,0,0,999,"999"
"2024-10-19 08:30:00",0.109375,548.7,1,0,0,0,0,999,"999"
"2024-10-19 08:45:00",0.34375,487.5,1,0,0,0,0,999,"999"
"2024-10-19 09:00:00",0.65625,189.2,1,0,0,0,0,999,"999"
"2024-10-19 09:15:00",0.65625,142.5,1,0,0,0,0,999,"999"
"2024-10-19 09:30:00",0.65625,319.5,1,0,0,0,0,999,"999"
"2024-10-19 09:45:00",0.65625,258.3,1,0,0,0,0,999,"999"
"2024-10-19 10:00:00",0.34375,203,1,0,0,0,0,999,"999"
"2024-10-19 10:15:00",0.109375,213,1,0,0,0,0,999,"999"
"2024-10-19 10:30:00",0.015625,434.4,1,0,0,0,0,999,"999"
"2024-10-19 10:45:00",0.015625,374.2,1,0,0,0,0,999,"999"
"2024-10-19 11:00:00",0.109375,272.2,1,0,0,0,0,999,"999"
"2024-10-19 11:15:00",0.109375,313.9,1,0,0,0,0,999,"999"
"2024-10-19 11:30:00",0.109375,612,1,0,0,0,0,999,"999"
"2024-10-19 11:45:00",0.34375,173.7,1,0,0,0,0,999,"999"
"2024-10-19 12:00:00",0.34375,331.9,1,0,0,0,0,999,"999"
"2024-10-19 12:15:00",0.34375,440.1,1,0,0,0,0,999,"999"
"2024-10-19 12:30:00",0.109375,500.3,1,0,0,0,0,999,"999"
"2024-10-19 12:45:00",0.109375,430.4,1,0,0,0,0,999,"999"
"2024-10-19 13:00:00",0.109375,390.6,1,0,0,0,0,999,"999"
"2024-10-19 13:15:00",0.015625,232.9,1,0,0,0,0,999,"999"
"2024-10-19 13:30:00",0.015625,174.6,1,0,0,0,0,999,"999"
"2024-10-19 13:45:00",0.015625,194.1,1,0,0,0,0,999,"999"
"2024-10-19 14:00:00",0.015625,69.7,1,0,0,0,0,999,"999"
"2024-10-19 14:15:00",0.015625,80.1,1,0,0,0,0,999,"999"
"2024-10-19 14:30:00",0.015625,86.3,1,0,0,0,0,999,"999"
"2024-10-19 14:45:00",0.015625,221.8,1,0,0,0,0,999,"999"
"2024-10-19 15:00:00",0.015625,105.3,1,0,0,0,0,999,"999"
"2024-10-19 15:15:00",0.015625,126.7,1,0,0,0,0,999,"999"
"2024-10-19 15:30:00",0.015625,133.6,1,0,0,0,0,999,"999"
"2024-10-19 15:45:00",0.015625,101.9,1,0,0,0,0,999,"999"
"2024-10-19 16:00:00",0.015625,95,1,0,0,0,0,999,"999"
"2024-10-19 16:15:00",0.015625,265.6,1,0,0,0,0,999,"999"
"2024-10-19 16:30:00",0.015625,265.8,1,0,0,0,0,999,"999"
"2024-10-19 16:45:00",0.015625,84.7,1,0,0,0,0,999,"999"
"2024-10-19 17:00:00",0.015625,115.9,1,0,0,0,0,999,"999"
"2024-10-19 17:15:00",0.015625,128.7,1,0,0,0,0,999,"999"
"2024-10-19 17:30:00",0.015625,92,1,0,0,0,0,999,"999"
"2024-10-19 17:45:00",0.015625,88,1,0,0,0,0,999,"999"
"2024-10-19 18:00:00",0.015625,58.5,1,0,0,0,0,999,"999"
"2024-10-19 18:15:00",0.015625,59.3,1,0,0,0,0,999,"999"
"2024-10-19 18:30:00",0.015625,94.9,1,0,0,0,0,999,"999"
"2024-10-19 18:45:00",0.015625,71.7,1,0,0,0,0,999,"999"
"2024-10-19 19:00:00",0.015625,57.3,1,0,0,0,0,999,"999"
"2024-10-19 19:15:00",0.015625,106.5,1,0,0,0,0,999,"999"
"2024-10-19 19:30:00",0.015625,87.9,1,0,0,0,0,999,"999"
"2024-10-19 19:45:00",0.015625,121.7,1,0,0,0,0,999,"999"
"2024-10-19 20:00:00",0.015625,69.9,1,0,0,0,0,999,"999"
"2024-10-19 20:15:00",0.015625,87,1,0,0,0,0,999,"999"
"2024-10-19 20:30:00",0.015625,61.9,1,0,0,0,0,999,"999"
"2024-10-19 20:45:00",0.015625,49.8,1,0,0,0,0,999,"999"
"2024-10-19 21:00:00",0.015625,107.9,1,0,0,0,0,999,"999"
"2024-10-19 21:15:00",0.015625,150,1,0,0,0,0,999,"999"
"2024-10-19 21:30:00",0.015625,188.9,1,0,0,0,0,999,"999"
"2024-10-19 21:45:00",0.015625,171.8,1,0,0,0,0,999,"999"
"2024-10-19 22:00:00",0.015625,227.8,1,0,0,0,0,999,"999"
"2024-10-19 22:15:00",0.015625,245.3,1,0,0,0,0,999,"999"
"2024-10-19 22:30:00",0.015625,100.7,1,0,0,0,0,999,"999"
"2024-10-19 22:45:00",0.015625,103.8,1,0,0,0,0,999,"999"
"2024-10-19 23:00:00",0.015625,152.2,1,0,0,0,0,999,"999"
"2024-10-19 23:15:00",0.015625,130.5,1,0,0,0,0,999,"999"
"2024-10-19 23:30:00",0.015625,179.9,1,0,0,0,0,999,"999"
"2024-10-19 23:45:00",0.015625,79.7,1,0,0,0,0,999,"999"
"2024-10-20 00:00:00",0.015625,179.9,1,0,0,0,0,999,"999"
"2024-10-20 00:15:00",0.015625,240.9,1,0,0,0,0,999,"999"
"2024-10-20 00:30:00",0.015625,154.2,1,0,0,0,0,999,"999"
"2024-10-20 00:45:00",0.015625,165.5,1,0,0,0,0,999,"999"
"2024-10-20 01:00:00",0.015625,57.9,1,0,0,0,0,999,"999"
"2024-10-20 01:15:00",0.015625,168.4,1,0,0,0,0,999,"999"
"2024-10-20 01:30:00",0.015625,250.8,1,0,0,0,0,999,"999"
"2024-10-20 01:45:00",0.109375,211.4,1,0,0,0,0,999,"999"
"2024-10-20 02:00:00",0.109375,146.9,1,0,0,0,0,999,"999"
"2024-10-20 02:15:00",0.109375,180.4,1,0,0,0,0,999,"999"
"2024-10-20 02:30:00",0.109375,195.3,1,0,0,0,0,999,"999"
"2024-10-20 02:45:00",0.109375,167,1,0,0,0,0,999,"999"
"2024-10-20 03:00:00",0.109375,271.3,1,0,0,0,0,999,"999"
"2024-10-20 03:15:00",0.015625,246.1,1,0,0,0,0,999,"999"
"2024-10-20 03:30:00",0.015625,251,1,0,0,0,0,999,"999"
"2024-10-20 03:45:00",0.015625,190,1,0,0,0,0,999,"999"
"2024-10-20 04:00:00",0.015625,97.1,1,0,0,0,0,999,"999"
"2024-10-20 04:15:00",0.015625,284.8,1,0,0,0,0,999,"999"
"2024-10-20 04:30:00",0.015625,171.5,1,0,0,0,0,999,"999"
"2024-10-20 04:45:00",0.015625,162.1,1,0,0,0,0,999,"999"
"2024-10-20 05:00:00",0.015625,126.9,1,0,0,0,0,999,"999"
"2024-10-20 05:15:00",0.015625,48.2,1,0,0,0,0,999,"999"
"2024-10-20 05:30:00",0.015625,241.5,1,0,0,0,0,999,"999"
"2024-10-20 05:45:00",0.015625,165.5,1,0,0,0,0,999,"999"
"2024-10-20 06:00:00",0.015625,169.6,1,0,0,0,0,999,"999"
"2024-10-20 06:15:00",0.015625,191.4,1,0,0,0,0,999,"999"
"2024-10-20 06:30:00",0.015625,122.1,1,0,0,0,0,999,"999"
"2024-10-20 06:45:00",0.015625,101,1,0,0,0,0,999,"999"
"2024-10-20 07:00:00",0.015625,131.1,1,0,0,0,0,999,"999"
"2024-10-20 07:15:00",0.015625,107.6,1,0,0,0,0,999,"999"
"2024-10-20 07:30:00",0.015625,174,1,0,0,0,0,999,"999"
"2024-10-20 07:45:00",0.015625,203.6,1,0,0,0,0,999,"999"
"2024-10-20 08:00:00",0.015625,132.5,1,0,0,0,0,999,"999"
"2024-10-20 08:15:00",0.015625,87.3,1,0,0,0,0,999,"999"
"2024-10-20 08:30:00",0.109375,159.5,1,0,0,0,0,999,"999"
"2024-10-20 08:45:00",0.109375,89.6,1,0,0,0,0,999,"999"
"2024-10-20 09:00:00",0.109375,91.9,1,0,0,0,0,999,"999"
"2024-10-20 09:15:00",0.109375,123.7,1,0,0,0,0,999,"999"
"2024-10-20 09:30:00",0.109375,166.4,1,0,0,0,0,999,"999"
"2024-10-20 09:45:00",0.109375,157.5,1,0,0,0,0,999,"999"
"2024-10-20 10:00:00",0.015625,107.2,1,0,0,0,0,999,"999"
"2024-10-20 10:15:00",0.015625,75.7,1,0,0,0,0,999,"999"
"2024-10-20 10:30:00",0.015625,127.8,1,0,0,0,0,999,"999"
"2024-10-20 10:45:00",0.015625,75.8,1,0,0,0,0,999,"999"
"2024-10-20 11:00:00",0.109375,126.8,1,0,0,0,0,999,"999"
"2024-10-20 11:15:00",0.34375,72.8,1,0,0,0,0,999,"999"
"2024-10-20 11:30:00",0.65625,47.2,1,0,0,0,0,999,"999"
"2024-10-20 11:45:00",0.890625,45.5,1,0,0,0,0,999,"999"
"2024-10-20 12:00:00",0.984375,93.9,1,0,0,0,0,999,"999"
"2024-10-20 12:15:00",1,72.5,1,0,0,1,0,999,"999"
"2024-10-20 12:30:00",1,68.7,1,0,0,0,0,999,"999"
"2024-10-20 12:45:00",1,96.1,1,0,0,0,0,999,"999"
"2024-10-20 13:00:00",1,70.7,1,0,0,0,0,999,"999"
"2024-10-20 13:15:00",1,43.2,1,0,0,0,0,999,"999"
"2024-10-20 13:30:00",1,266.7,1,0,0,0,0,999,"999"
"2024-10-20 13:45:00",1,290.2,1,0,0,0,0,999,"999"
"2024-10-20 14:00:00",1,186,1,0,0,0,0,999,"999"
"2024-10-20 14:15:00",1,154.8,1,0,0,0,0,999,"999"
"2024-10-20 14:30:00",1,70.2,1,0,0,0,0,999,"999"
"2024-10-20 14:45:00",1,78.9,1,0,0,0,0,999,"999"
"2024-10-20 15:00:00",1,153.3,1,0,0,0,1,999,"999"
"2024-10-20 15:15:00",0.015625,22.8,1,0,0,0,0,999,"999"
"2024-10-20 15:30:00",0.109375,107.1,1,0,0,0,0,999,"999"
"2024-10-20 15:45:00",0.109375,70.6,1,0,0,0,0,999,"999"
"2024-10-20 16:00:00",0.109375,109.1,1,0,0,0,0,999,"999"
"2024-10-20 16:15:00",0.109375,96.5,1,0,0,0,0,999,"999"
"2024-10-20 16:30:00",0.109375,192,1,0,0,0,0,999,"999"
"2024-10-20 16:45:00",0.109375,174.3,1,0,0,0,0,999,"999"
"2024-10-20 17:00:00",0.015625,54.3,1,0,0,0,0,999,"999"
"2024-10-20 17:15:00",0.015625,139.8,1,0,0,0,0,999,"999"
"2024-10-20 17:30:00",0.015625,25.3,1,0,0,0,0,999,"999"
"2024-10-20 17:45:00",0.015625,101.1,1,0,0,0,0,999,"999"
"2024-10-20 18:00:00",0.015625,65.4,1,0,0,0,0,999,"999"
"2024-10-20 18:15:00",0.015625,74.1,1,0,0,0,0,999,"999"
"2024-10-20 18:30:00",0.015625,131.7,1,0,0,0,0,999,"999"
"2024-10-20 18:45:00",0.015625,59.6,1,0,0,0,0,999,"999"
"2024-10-20 19:00:00",0.015625,72.3,1,0,0,0,0,999,"999"
"2024-10-20 19:15:00",0.015625,143.9,1,0,0,0,0,999,"999"
"2024-10-20 19:30:00",0.015625,66.9,1,0,0,0,0,999,"999"
"2024-10-20 19:45:00",0.015625,90.8,1,0,0,0,0,999,"999"
"2024-10-20 20:00:00",0.015625,137.5,1,0,0,0,0,999,"999"
"2024-10-20 20:15:00",0.015625,99,1,0,0,0,0,999,"999"
"2024-10-20 20:30:00",0.015625,119.8,1,0,0,0,0,999,"999"
"2024-10-20 20:45:00",0.015625,87.6,1,0,0,0,0,999,"999"
"2024-10-20 21:00:00",0.015625,84.2,1,0,0,0,0,999,"999"
"2024-10-20 21:15:00",0.015625,107.7,1,0,0,0,0,999,"999"
"2024-10-20 21:30:00",0.015625,52.8,1,0,0,0,0,999,"999"
"2024-10-20 21:45:00",0.015625,338,1,0,0,0,0,999,"999"
"2024-10-20 22:00:00",0.109375,87.2,1,0,0,0,0,999,"999"
"2024-10-20 22:15:00",0.109375,82.8,1,0,0,0,0,999,"999"
"2024-10-20 22:30:00",0.109375,6.8,1,0,0,0,0,999,"999"
"2024-10-20 22:45:00",0.109375,55.1,1,0,0,0,0,999,"999"
"2024-10-20 23:00:00",0.109375,61.5,1,0,0,0,0,999,"999"
"2024-10-20 23:15:00",0.109375,189.3,1,0,0,0,0,999,"999"
"2024-10-20 23:30:00",0.015625,113.8,1,0,0,0,0,999,"999"
"2024-10-20 23:45:00",0.015625,69.3,1,0,0,0,0,999,"999"
"2024-10-21 00:00:00",0.015625,57,1,0,0,0,0,999,"999"
"2024-10-21 00:15:00",0.015625,51.2,1,0,0,0,0,999,"999"
"2024-10-21 00:30:00",0.015625,104.6,1,0,0,0,0,999,"999"
"2024-10-21 00:45:00",0.015625,49.8,1,0,0,0,0,999,"999"
"2024-10-21 01:00:00",0.015625,107.3,1,0,0,0,0,999,"999"
"2024-10-21 01:15:00",0.015625,119.6,1,0,1,0,0,999,"TRUE"
"2024-10-21 01:30:00",0.015625,193.6,0,0,0,0,0,999,"999"
"2024-10-21 01:45:00",0.109375,13,0,0,0,0,0,999,"999"
"2024-10-21 02:00:00",0.109375,19.5,0,0,0,0,0,999,"999"
"2024-10-21 02:15:00",0.109375,21,0,0,0,0,0,999,"999"
"2024-10-21 02:30:00",0.109375,22.5,0,0,0,0,0,999,"999"
"2024-10-21 02:45:00",0.109375,21,0,0,0,0,0,999,"999"
"2024-10-21 03:00:00",0.109375,22.5,0,0,0,0,0,999,"999"
"2024-10-21 03:15:00",0.015625,24.5,0,0,0,0,0,999,"999"
"2024-10-21 03:30:00",0.015625,6.8,0,0,0,0,0,999,"999"
"2024-10-21 03:45:00",0.015625,9.4,0,0,0,0,0,999,"999"
"2024-10-21 04:00:00",0.015625,28.6,0,0,0,0,0,999,"999"
"2024-10-21 04:15:00",0.015625,21.6,0,0,0,0,0,999,"999"
"2024-10-21 04:30:00",0.015625,42.2,0,0,0,0,0,999,"999"
"2024-10-21 04:45:00",0.015625,23,0,0,0,0,0,999,"999"
"2024-10-21 05:00:00",0.015625,24.8,0,0,0,0,0,999,"999"
"2024-10-21 05:15:00",0.015625,13.3,0,0,0,0,0,999,"999"
"2024-10-21 05:30:00",0.015625,28.1,0,0,0,0,0,999,"999"
"2024-10-21 05:45:00",0.015625,17,0,0,0,0,0,999,"999"
"2024-10-21 06:00:00",0.015625,23.5,0,0,0,0,0,999,"999"
"2024-10-21 06:15:00",0.015625,19.5,0,0,0,0,0,999,"999"
"2024-10-21 06:30:00",0.015625,26.4,0,0,0,0,0,999,"999"
"2024-10-21 06:45:00",0.015625,24.4,0,0,0,0,0,999,"999"
"2024-10-21 07:00:00",0.015625,20,0,0,0,0,0,999,"999"
"2024-10-21 07:15:00",0.015625,19.5,0,0,0,0,0,999,"999"
"2024-10-21 07:30:00",0.015625,70.2,0,0,0,0,0,999,"999"
"2024-10-21 07:45:00",0.015625,35.8,0,0,0,0,0,999,"999"
"2024-10-21 08:00:00",0.015625,48.7,0,0,0,0,0,999,"999"
"2024-10-21 08:15:00",0.015625,406.6,1,1,0,0,0,999,"999"
"2024-10-21 08:30:00",0.109375,37,1,0,0,0,0,999,"999"
"2024-10-21 08:45:00",0.109375,169.6,1,0,0,0,0,999,"999"
"2024-10-21 09:00:00",0.34375,131.5,1,0,0,0,0,999,"999"
"2024-10-21 09:15:00",0.34375,269.7,1,0,0,0,0,999,"999"
"2024-10-21 09:30:00",0.65625,86.7,1,0,0,0,0,999,"999"
"2024-10-21 09:45:00",0.65625,185.1,1,0,0,0,0,999,"999"
"2024-10-21 10:00:00",0.65625,174.4,1,0,0,0,0,999,"999"
"2024-10-21 10:15:00",0.890625,99,1,0,0,0,0,999,"999"
"2024-10-21 10:30:00",0.65625,140.1,1,0,0,0,0,999,"999"
"2024-10-21 10:45:00",0.65625,186.2,1,0,0,0,0,999,"999"
"2024-10-21 11:00:00",0.65625,133.1,1,0,0,0,0,999,"999"
"2024-10-21 11:15:00",0.65625,313.4,1,0,0,0,0,999,"999"
"2024-10-21 11:30:00",0.65625,128.7,1,0,0,0,0,999,"999"
"2024-10-21 11:45:00",0.34375,138.4,1,0,0,0,0,999,"999"
"2024-10-21 12:00:00",0.34375,175,1,0,0,0,0,999,"999"
"2024-10-21 12:15:00",0.34375,175.7,1,0,0,0,0,999,"999"
"2024-10-21 12:30:00",0.109375,351.2,1,0,0,0,0,999,"999"
"2024-10-21 12:45:00",0.34375,134.9,1,0,0,0,0,999,"999"
"2024-10-21 13:00:00",0.109375,477.4,1,0,0,0,0,999,"999"
"2024-10-21 13:15:00",0.34375,52.3,1,0,0,0,0,999,"999"
"2024-10-21 13:30:00",0.34375,138.7,1,0,0,0,0,999,"999"
"2024-10-21 13:45:00",0.34375,202.9,1,0,0,0,0,999,"999"
"2024-10-21 14:00:00",0.34375,296.5,1,0,0,0,0,999,"999"
"2024-10-21 14:15:00",0.34375,130.6,1,0,0,0,0,999,"999"
"2024-10-21 14:30:00",0.34375,70.6,1,0,0,0,0,999,"999"
"2024-10-21 14:45:00",0.109375,371.7,1,0,0,0,0,999,"999"
"2024-10-21 15:00:00",0.34375,404.7,1,0,0,0,0,999,"999"
"2024-10-21 15:15:00",0.65625,316.8,1,0,0,0,0,999,"999"
"2024-10-21 15:30:00",0.890625,181.1,1,0,0,0,0,999,"999"
"2024-10-21 15:45:00",0.65625,149.5,1,0,0,0,0,999,"999"
"2024-10-21 16:00:00",0.65625,188.9,1,0,0,0,0,999,"999"
"2024-10-21 16:15:00",0.65625,116.1,1,0,0,0,0,999,"999"
"2024-10-21 16:30:00",0.34375,75.6,1,0,0,0,0,999,"999"
"2024-10-21 16:45:00",0.109375,116.5,1,0,0,0,0,999,"999"
"2024-10-21 17:00:00",0.015625,124.7,1,0,0,0,0,999,"999"
"2024-10-21 17:15:00",0.015625,113.7,1,0,1,0,0,999,"TRUE"
"2024-10-22 18:00:00",0,11.9,0,0,0,0,0,999,"999"
"2024-10-22 18:15:00",0.015625,11.4,0,0,0,0,0,999,"999"
"2024-10-22 18:30:00",0.015625,11.5,0,0,0,0,0,999,"999"
"2024-10-22 18:45:00",0.015625,11.5,0,0,0,0,0,999,"999"
"2024-10-22 19:00:00",0.015625,11.7,0,0,0,0,0,999,"999"
"2024-10-22 19:15:00",0.015625,11.8,0,0,0,0,0,999,"999"
"2024-10-22 19:30:00",0.015625,12,0,0,0,0,0,999,"999"
"2024-10-22 19:45:00",0.015625,12,0,0,0,0,0,999,"999"
"2024-10-22 20:00:00",0.015625,11.9,0,0,0,0,0,999,"999"
"2024-10-22 20:15:00",0.015625,12.1,0,0,0,0,0,999,"999"
"2024-10-22 20:30:00",0.015625,11.7,0,0,0,0,0,999,"999"
"2024-10-22 20:45:00",0.015625,12.3,0,0,0,0,0,999,"999"
"2024-10-22 21:00:00",0.015625,12,0,0,0,0,0,999,"999"
"2024-10-22 21:15:00",0.015625,12,0,0,0,0,0,999,"999"
"2024-10-22 21:30:00",0.015625,11.7,0,0,0,0,0,999,"999"
"2024-10-22 21:45:00",0.015625,11.8,0,0,0,0,0,999,"999"
"2024-10-22 22:00:00",0.015625,11.5,0,0,0,0,0,999,"999"
"2024-10-22 22:15:00",0.015625,11.5,0,0,0,0,0,999,"999"
"2024-10-22 22:30:00",0.015625,12.5,0,0,0,0,0,999,"999"
"2024-10-22 22:45:00",0.015625,11.5,0,0,0,0,0,999,"999"
"2024-10-22 23:00:00",0.015625,11.4,0,0,0,0,0,999,"999"
"2024-10-22 23:15:00",0.015625,12.1,0,0,0,0,0,999,"999"
"2024-10-22 23:30:00",0.015625,11.2,0,0,0,0,0,999,"999"
"2024-10-22 23:45:00",0.015625,11,0,0,0,0,0,999,"999"
"2024-10-23 00:00:00",0.015625,11.1,0,0,0,0,0,999,"999"
"2024-10-23 00:15:00",0.015625,11.2,0,0,0,0,0,999,"999"
"2024-10-23 00:30:00",0.015625,10.8,0,0,0,0,0,999,"999"
"2024-10-23 00:45:00",0.015625,10.8,0,0,0,0,0,999,"999"
"2024-10-23 01:00:00",0.015625,10.1,0,0,0,0,0,999,"999"
"2024-10-23 01:15:00",0.015625,10.4,0,0,0,0,0,999,"999"
"2024-10-23 01:30:00",0.015625,10.6,0,0,0,0,0,999,"999"
"2024-10-23 01:45:00",0.015625,10.4,0,0,0,0,0,999,"999"
"2024-10-23 02:00:00",0.015625,10.4,0,0,0,0,0,999,"999"
"2024-10-23 02:15:00",0.015625,10.1,0,0,0,0,0,999,"999"
"2024-10-23 02:30:00",0.015625,9.9,0,0,0,0,0,999,"999"
"2024-10-23 02:45:00",0.015625,10,0,0,0,0,0,999,"999"
"2024-10-23 03:00:00",0.015625,9.7,0,0,0,0,0,999,"999"
"2024-10-23 03:15:00",0.015625,10.1,0,0,0,0,0,999,"999"
"2024-10-23 03:30:00",0.015625,9.8,0,0,0,0,0,999,"999"
"2024-10-23 03:45:00",0.015625,9.3,0,0,0,0,0,999,"999"
"2024-10-23 04:00:00",0.015625,9.2,0,0,0,0,0,999,"999"
"2024-10-23 04:15:00",0.015625,9.6,0,0,0,0,0,999,"999"
"2024-10-23 04:30:00",0.015625,8.9,0,0,0,0,0,999,"999"
"2024-10-23 04:45:00",0.015625,9.3,0,0,0,0,0,999,"999"
"2024-10-23 05:00:00",0.015625,9,0,0,0,0,0,999,"999"
"2024-10-23 05:15:00",0.015625,9.1,0,0,0,0,0,999,"999"
"2024-10-23 05:30:00",0.015625,8.9,0,0,0,0,0,999,"999"
"2024-10-23 05:45:00",0.015625,8.9,0,0,0,0,0,999,"999"
"2024-10-23 06:00:00",0.015625,8.9,0,0,0,0,0,999,"999"
"2024-10-23 06:15:00",0.015625,8.6,0,0,0,0,0,999,"999"
"2024-10-23 06:30:00",0.015625,8.6,0,0,0,0,0,999,"999"
"2024-10-23 06:45:00",0.015625,8.8,0,0,0,0,0,999,"999"
"2024-10-23 07:00:00",0.015625,8.6,0,0,0,0,0,999,"999"
"2024-10-23 07:15:00",0.015625,8.4,0,0,0,0,0,999,"999"
"2024-10-23 07:30:00",0.015625,8.5,0,0,0,0,0,999,"999"
"2024-10-23 07:45:00",0.015625,8.5,0,0,0,0,0,999,"999"
"2024-10-23 08:00:00",0.015625,8.3,0,0,0,0,0,999,"999"
"2024-10-23 08:15:00",0.015625,8.4,0,0,0,0,0,999,"999"
"2024-10-23 08:30:00",0.015625,8.4,0,0,0,0,0,999,"999"
"2024-10-23 08:45:00",0.015625,8.3,0,0,0,0,0,999,"999"
"2024-10-23 09:00:00",0.015625,8.3,0,0,0,0,0,999,"999"
"2024-10-23 09:15:00",0.015625,8.2,0,0,0,0,0,999,"999"
"2024-10-23 09:30:00",0.015625,8.2,0,0,0,0,0,999,"999"
"2024-10-23 09:45:00",0.015625,8.1,0,0,0,0,0,999,"999"
"2024-10-23 10:00:00",0.015625,8.1,0,0,0,0,0,999,"999"
"2024-10-23 10:15:00",0.015625,7.9,0,0,0,0,0,999,"999"
"2024-10-23 10:30:00",0.015625,8.1,0,0,0,0,0,999,"999"
"2024-10-23 10:45:00",0.015625,8.1,0,0,0,0,0,999,"999"
"2024-10-23 11:00:00",0.015625,7.8,0,0,0,0,0,999,"999"
"2024-10-23 11:15:00",0.015625,7.6,0,0,0,0,0,999,"999"
"2024-10-23 11:30:00",0.015625,7.6,0,0,0,0,0,999,"999"
"2024-10-23 11:45:00",0.015625,7.8,0,0,0,0,0,999,"999"
"2024-10-23 12:00:00",0.015625,7.9,0,0,0,0,0,999,"999"
"2024-10-23 12:15:00",0.015625,7.8,0,0,0,0,0,999,"999"
"2024-10-23 12:30:00",0.015625,8.3,0,0,0,0,0,999,"999"
"2024-10-23 12:45:00",0.015625,8.1,0,0,0,0,0,999,"999"
"2024-10-23 13:00:00",0.109375,7.9,0,0,0,0,0,999,"999"
"2024-10-23 13:15:00",0.34375,7.9,0,0,0,0,0,999,"999"
"2024-10-23 13:30:00",0.65625,7.8,0,0,0,0,0,999,"999"
"2024-10-23 13:45:00",0.890625,8,0,0,0,0,0,999,"999"
"2024-10-23 14:00:00",0.984375,7.8,0,0,0,0,0,999,"999"
"2024-10-23 14:15:00",1,7.9,0,0,0,1,0,999,"999"
"2024-10-23 14:30:00",1,7.9,0,0,0,0,0,999,"999"
"2024-10-23 14:45:00",1,7.5,0,0,0,0,0,999,"999"
"2024-10-23 15:00:00",1,7.3,0,0,0,0,0,999,"999"
"2024-10-23 15:15:00",1,7.5,0,0,0,0,0,999,"999"
"2024-10-23 15:30:00",1,7.3,0,0,0,0,0,999,"999"
"2024-10-23 15:45:00",1,7.3,0,0,0,0,0,999,"999"
"2024-10-23 16:00:00",1,7.5,0,0,0,0,0,999,"999"
"2024-10-23 16:15:00",1,7.6,0,0,0,0,0,999,"999"
"2024-10-23 16:30:00",1,7.6,0,0,0,0,0,999,"999"
"2024-10-23 16:45:00",1,7.6,0,0,0,0,0,999,"999"
"2024-10-23 17:00:00",1,7.3,0,0,0,0,1,999,"999"
"2024-10-23 17:15:00",0.015625,7.4,0,0,0,0,0,999,"999"
"2024-10-23 17:30:00",0.015625,7.5,0,0,0,0,0,999,"999"
"2024-10-23 17:45:00",0.015625,7.4,0,0,0,0,0,999,"999"
"2024-10-23 18:00:00",0.015625,7.3,0,0,0,0,0,999,"999"
"2024-10-23 18:15:00",0.015625,7.3,0,0,0,0,0,999,"999"
"2024-10-23 18:30:00",0.015625,7,0,0,0,0,0,999,"999"
"2024-10-23 18:45:00",0.015625,7.2,0,0,0,0,0,999,"999"
"2024-10-23 19:00:00",0.015625,7.2,0,0,0,0,0,999,"999"
"2024-10-23 19:15:00",0.015625,7.1,0,0,0,0,0,999,"999"
"2024-10-23 19:30:00",0.015625,6.7,0,0,0,0,0,999,"999"
"2024-10-23 19:45:00",0.015625,7,0,0,0,0,0,999,"999"
"2024-10-23 20:00:00",0.015625,7.3,0,0,0,0,0,999,"999"
"2024-10-23 20:15:00",0.015625,7.3,0,0,0,0,0,999,"999"
"2024-10-23 20:30:00",0.015625,6.9,0,0,0,0,0,999,"999"
"2024-10-23 20:45:00",0.015625,7.2,0,0,0,0,0,999,"999"
"2024-10-23 21:00:00",0.015625,7.2,0,0,0,0,0,999,"999"
"2024-10-23 21:15:00",0.015625,7.1,0,0,0,0,0,999,"999"
"2024-10-23 21:30:00",0.015625,7.2,0,0,0,0,0,999,"999"
"2024-10-23 21:45:00",0.015625,7,0,0,0,0,0,999,"999"
"2024-10-23 22:00:00",0.015625,6.7,0,0,0,0,0,999,"999"
"2024-10-23 22:15:00",0.015625,6.7,0,0,0,0,0,999,"999"
"2024-10-23 22:30:00",0.015625,7.1,0,0,0,0,0,999,"999"
"2024-10-23 22:45:00",0.015625,7,0,0,0,0,0,999,"999"
"2024-10-23 23:00:00",0.015625,7,0,0,0,0,0,999,"999"
"2024-10-23 23:15:00",0.015625,6.8,0,0,0,0,0,999,"999"
"2024-10-23 23:30:00",0.015625,6.8,0,0,0,0,0,999,"999"
"2024-10-23 23:45:00",0.015625,6.9,0,0,0,0,0,999,"999"
"2024-10-24 00:00:00",0.015625,6.8,0,0,0,0,0,999,"999"
"2024-10-24 00:15:00",0.015625,6.8,0,0,0,0,0,999,"999"
"2024-10-24 00:30:00",0.015625,6.4,0,0,0,0,0,999,"999"
"2024-10-24 00:45:00",0.015625,6.9,0,0,0,0,0,999,"999"
"2024-10-24 01:00:00",0.015625,6.9,0,0,0,0,0,999,"999"
"2024-10-24 01:15:00",0.015625,6.9,0,0,0,0,0,999,"999"
"2024-10-24 01:30:00",0.015625,6.5,0,0,0,0,0,999,"999"
"2024-10-24 01:45:00",0.015625,6.4,0,0,0,0,0,999,"999"
"2024-10-24 02:00:00",0.015625,6.3,0,0,0,0,0,999,"999"
"2024-10-24 02:15:00",0.015625,6.7,0,0,0,0,0,999,"999"
"2024-10-24 02:30:00",0.015625,6.3,0,0,0,0,0,999,"999"
"2024-10-24 02:45:00",0.015625,6.3,0,0,0,0,0,999,"999"
"2024-10-24 03:00:00",0.015625,6.6,0,0,0,0,0,999,"999"
"2024-10-24 03:15:00",0.015625,6.3,0,0,0,0,0,999,"999"
"2024-10-24 03:30:00",0.015625,6.4,0,0,0,0,0,999,"999"
"2024-10-24 03:45:00",0.015625,8,0,0,0,0,0,999,"999"
"2024-10-24 04:00:00",0.109375,6.3,0,0,0,0,0,999,"999"
"2024-10-24 04:15:00",0.109375,6.2,0,0,0,0,0,999,"999"
"2024-10-24 04:30:00",0.109375,6.2,0,0,0,0,0,999,"999"
"2024-10-24 04:45:00",0.109375,6.1,0,0,0,0,0,999,"999"
"2024-10-24 05:00:00",0.109375,6.2,0,0,0,0,0,999,"999"
"2024-10-24 05:15:00",0.109375,6.3,0,0,0,0,0,999,"999"
"2024-10-24 05:30:00",0.015625,6.1,0,0,0,0,0,999,"999"
"2024-10-24 05:45:00",0.015625,6.3,0,0,0,0,0,999,"999"
"2024-10-24 06:00:00",0.015625,6.5,0,0,0,0,0,999,"999"
"2024-10-24 06:15:00",0.015625,6.9,0,0,0,0,0,999,"999"
"2024-10-24 06:30:00",0.015625,6.4,0,0,0,0,0,999,"999"
"2024-10-24 06:45:00",0.015625,6.2,0,0,0,0,0,999,"999"
"2024-10-24 07:00:00",0.015625,6.4,0,0,0,0,0,999,"999"
"2024-10-24 07:15:00",0.015625,6.5,0,0,0,0,0,999,"999"
"2024-10-24 07:30:00",0.015625,6.2,0,0,0,0,0,999,"999"
"2024-10-24 07:45:00",0.015625,6.4,0,0,0,0,0,999,"999"
"2024-10-24 08:00:00",0.015625,6.5,0,0,0,0,0,999,"999"
"2024-10-24 08:15:00",0.015625,6.5,0,0,0,0,0,999,"999"
"2024-10-24 08:30:00",0.015625,6.3,0,0,0,0,0,999,"999"
"2024-10-24 08:45:00",0.015625,6.3,0,0,0,0,0,999,"999"
"2024-10-24 09:00:00",0.015625,6.3,0,0,0,0,0,999,"999"
"2024-10-24 09:15:00",0.015625,6.2,0,0,0,0,0,999,"999"
"2024-10-24 09:30:00",0.015625,6.2,0,0,0,0,0,999,"999"
"2024-10-24 09:45:00",0.015625,6.2,0,0,0,0,0,999,"999"
"2024-10-24 10:00:00",0.015625,5.5,0,0,0,0,0,999,"999"
"2024-10-24 10:15:00",0.109375,5.9,0,0,0,0,0,999,"999"
"2024-10-24 10:30:00",0.109375,5.9,0,0,0,0,0,999,"999"
"2024-10-24 10:45:00",0.109375,6.1,0,0,0,0,0,999,"999"
"2024-10-24 11:00:00",0.109375,8.6,0,0,0,0,0,999,"999"
"2024-10-24 11:15:00",0.34375,6.1,0,0,0,0,0,999,"999"
"2024-10-24 11:30:00",0.34375,5.8,0,0,0,0,0,999,"999"
"2024-10-24 11:45:00",0.109375,5.7,0,0,0,0,0,999,"999"
"2024-10-24 12:00:00",0.109375,5.6,0,0,0,0,0,999,"999"
"2024-10-24 12:15:00",0.109375,5.5,0,0,0,0,0,999,"999"
"2024-10-24 12:30:00",0.109375,5.9,0,0,0,0,0,999,"999"
"2024-10-24 12:45:00",0.015625,5.7,0,0,0,0,0,999,"999"
"2024-10-24 13:00:00",0.015625,5.9,0,0,0,0,0,999,"999"
"2024-10-24 13:15:00",0.015625,5.5,0,0,0,0,0,999,"999"
"2024-10-24 13:30:00",0.015625,5.7,0,0,0,0,0,999,"999"
"2024-10-24 13:45:00",0.015625,5.6,0,0,0,0,0,999,"999"
"2024-10-24 14:00:00",0.015625,5.4,0,0,0,0,0,999,"999"
"2024-10-24 14:15:00",0.015625,5.3,0,0,0,0,0,999,"999"
"2024-10-24 14:30:00",0.015625,5.6,0,0,0,0,0,999,"999"
"2024-10-24 14:45:00",0.015625,5.3,0,0,0,0,0,999,"999"
"2024-10-24 15:00:00",0.015625,5.2,0,0,0,0,0,999,"999"
"2024-10-24 15:15:00",0.015625,5.4,0,0,0,0,0,999,"999"
"2024-10-24 15:30:00",0.015625,5.4,0,0,0,0,0,999,"999"
"2024-10-24 15:45:00",0.015625,5.4,0,0,0,0,0,999,"999"
"2024-10-24 16:00:00",0.015625,5.8,0,0,0,0,0,999,"999"
"2024-10-24 16:15:00",0.015625,5.3,0,0,0,0,0,999,"999"
"2024-10-24 16:30:00",0.015625,5.6,0,0,0,0,0,999,"999"
"2024-10-24 16:45:00",0.015625,5.3,0,0,0,0,0,999,"999"
"2024-10-24 17:00:00",0.015625,5.2,0,0,0,0,0,999,"999"
"2024-10-24 17:15:00",0.015625,5.3,0,0,0,0,0,999,"999"
"2024-10-24 17:30:00",0.015625,5.1,0,0,0,0,0,999,"999"
"2024-10-24 17:45:00",0.015625,5.3,0,0,0,0,0,999,"999"
"2024-10-24 18:00:00",0.015625,6.4,0,0,0,0,0,999,"999"
"2024-10-24 18:15:00",0.109375,5.2,0,0,0,0,0,999,"999"
"2024-10-24 18:30:00",0.109375,6.3,0,0,0,0,0,999,"999"
"2024-10-24 18:45:00",0.34375,5.4,0,0,0,0,0,999,"999"
"2024-10-24 19:00:00",0.34375,5.3,0,0,0,0,0,999,"999"
"2024-10-24 19:15:00",0.34375,5.3,0,0,0,0,0,999,"999"
"2024-10-24 19:30:00",0.34375,5.4,0,0,0,0,0,999,"999"
"2024-10-24 19:45:00",0.109375,7.4,0,0,0,0,0,999,"999"
"2024-10-24 20:00:00",0.34375,5.4,0,0,0,0,0,999,"999"
"2024-10-24 20:15:00",0.109375,5.9,0,0,0,0,0,999,"999"
"2024-10-24 20:30:00",0.109375,5.3,0,0,0,0,0,999,"999"
"2024-10-24 20:45:00",0.109375,5.3,0,0,0,0,0,999,"999"
"2024-10-24 21:00:00",0.109375,5.4,0,0,0,0,0,999,"999"
"2024-10-24 21:15:00",0.109375,5.4,0,0,0,0,0,999,"999"
"2024-10-24 21:30:00",0.015625,5.6,0,0,0,0,0,999,"999"
"2024-10-24 21:45:00",0.015625,5.4,0,0,0,0,0,999,"999"
"2024-10-24 22:00:00",0.015625,6.6,0,0,0,0,0,999,"999"
"2024-10-24 22:15:00",0.109375,5.9,0,0,0,0,0,999,"999"
"2024-10-24 22:30:00",0.109375,5.5,0,0,0,0,0,999,"999"
"2024-10-24 22:45:00",0.109375,5.7,0,0,0,0,0,999,"999"
"2024-10-24 23:00:00",0.109375,6.4,0,0,0,0,0,999,"999"
"2024-10-24 23:15:00",0.34375,5.4,0,0,0,0,0,999,"999"
"2024-10-24 23:30:00",0.34375,5.4,0,0,0,0,0,999,"999"
"2024-10-24 23:45:00",0.109375,7.4,0,0,0,0,0,999,"999"
"2024-10-25 00:00:00",0.34375,5.8,0,0,0,0,0,999,"999"
"2024-10-25 00:15:00",0.34375,6.1,0,0,0,0,0,999,"999"
"2024-10-25 00:30:00",0.65625,6.4,0,0,0,0,0,999,"999"
"2024-10-25 00:45:00",0.65625,6.2,0,0,0,0,0,999,"999"
"2024-10-25 01:00:00",0.890625,7.3,0,0,0,0,0,999,"999"
"2024-10-25 01:15:00",0.984375,6.7,0,0,0,0,0,999,"999"
"2024-10-25 01:30:00",0.984375,9.8,0,0,0,0,0,999,"999"
"2024-10-25 01:45:00",1,6.6,0,0,0,1,0,999,"999"
"2024-10-25 02:00:00",1,6.5,0,0,0,0,0,999,"999"
"2024-10-25 02:15:00",1,7.1,0,0,0,0,0,999,"999"
"2024-10-25 02:30:00",1,12.7,0,0,0,0,0,999,"999"
"2024-10-25 02:45:00",1,6.8,0,0,0,0,0,999,"999"
"2024-10-25 03:00:00",1,7.3,0,0,0,0,0,999,"999"
"2024-10-25 03:15:00",1,7.4,0,0,0,0,0,999,"999"
"2024-10-25 03:30:00",1,7.4,0,0,0,0,0,999,"999"
"2024-10-25 03:45:00",1,8.7,0,0,0,0,0,999,"999"
"2024-10-25 04:00:00",1,7.7,0,0,0,0,0,999,"999"
"2024-10-25 04:15:00",1,8.1,0,0,0,0,0,999,"999"
"2024-10-25 04:30:00",1,8.1,0,0,0,0,1,999,"999"
"2024-10-25 04:45:00",0.015625,9.1,0,0,0,0,0,999,"999"
"2024-10-25 05:00:00",0.015625,9.8,0,0,0,0,0,999,"999"
"2024-10-25 05:15:00",0.015625,9.3,0,0,0,0,0,999,"999"
"2024-10-25 05:30:00",0.015625,9.8,0,0,0,0,0,999,"999"
"2024-10-25 05:45:00",0.015625,9.1,0,0,0,0,0,999,"999"
"2024-10-25 06:00:00",0.015625,10.8,0,0,0,0,0,999,"999"
"2024-10-25 06:15:00",0.015625,11.9,0,0,0,0,0,999,"999"
"2024-10-25 06:30:00",0.015625,12.5,0,0,0,0,0,999,"999"
"2024-10-25 06:45:00",0.015625,9.4,0,0,0,0,0,999,"999"
"2024-10-25 07:00:00",0.015625,10.8,0,0,0,0,0,999,"999"
"2024-10-25 07:15:00",0.015625,10.3,0,0,0,0,0,999,"999"
"2024-10-25 07:30:00",0.015625,14.1,0,0,0,0,0,999,"999"
"2024-10-25 07:45:00",0.015625,9.4,0,0,0,0,0,999,"999"
"2024-10-25 08:00:00",0.015625,12.6,0,0,0,0,0,999,"999"
"2024-10-25 08:15:00",0.015625,10.1,0,0,0,0,0,999,"999"
"2024-10-25 08:30:00",0.015625,9.1,0,0,0,0,0,999,"999"
"2024-10-25 08:45:00",0.015625,18.4,0,0,0,0,0,999,"999"
"2024-10-25 09:00:00",0.109375,8.7,0,0,0,0,0,999,"999"
"2024-10-25 09:15:00",0.109375,13.6,0,0,0,0,0,999,"999"
"2024-10-25 09:30:00",0.109375,13.1,0,0,0,0,0,999,"999"
"2024-10-25 09:45:00",0.109375,12,0,0,0,0,0,999,"999"
"2024-10-25 10:00:00",0.109375,11.4,0,0,0,0,0,999,"999"
"2024-10-25 10:15:00",0.109375,9.7,0,0,0,0,0,999,"999"
"2024-10-25 10:30:00",0.015625,7.5,0,0,0,0,0,999,"999"
"2024-10-25 10:45:00",0.015625,14.3,0,0,0,0,0,999,"999"
"2024-10-25 11:00:00",0.015625,18.1,0,0,0,0,0,999,"999"
"2024-10-25 11:15:00",0.109375,7.3,0,0,0,0,0,999,"999"
"2024-10-25 11:30:00",0.109375,7.3,0,0,0,0,0,999,"999"
"2024-10-25 11:45:00",0.109375,7.6,0,0,0,0,0,999,"999"
"2024-10-25 12:00:00",0.109375,12.5,0,0,0,0,0,999,"999"
"2024-10-25 12:15:00",0.109375,7.3,0,0,0,0,0,999,"999"
"2024-10-25 12:30:00",0.109375,7.2,0,0,0,0,0,999,"999"
"2024-10-25 12:45:00",0.015625,7.5,0,0,0,0,0,999,"999"
"2024-10-25 13:00:00",0.015625,7.2,0,0,0,0,0,999,"999"
"2024-10-25 13:15:00",0.015625,7.3,0,0,0,0,0,999,"999"
"2024-10-25 13:30:00",0.015625,7.3,0,0,0,0,0,999,"999"
"2024-10-25 13:45:00",0.015625,7,0,0,0,0,0,999,"999"
"2024-10-25 14:00:00",0.015625,7,0,0,0,0,0,999,"999"
"2024-10-25 14:15:00",0.015625,6.8,0,0,0,0,0,999,"999"
"2024-10-25 14:30:00",0.015625,6.8,0,0,0,0,0,999,"999"
"2024-10-25 14:45:00",0.015625,7.6,0,0,0,0,0,999,"999"
"2024-10-25 15:00:00",0.015625,7.2,0,0,0,0,0,999,"999"
"2024-10-25 15:15:00",0.015625,7.3,0,0,0,0,0,999,"999"
"2024-10-25 15:30:00",0.015625,7.2,0,0,0,0,0,999,"999"
"2024-10-25 15:45:00",0.015625,9.2,0,0,0,0,0,999,"999"
"2024-10-25 16:00:00",0.015625,11.4,0,0,0,0,0,999,"999"
"2024-10-25 16:15:00",0.015625,8.9,0,0,0,0,0,999,"999"
"2024-10-25 16:30:00",0.015625,7.8,0,0,0,0,0,999,"999"
"2024-10-25 16:45:00",0.015625,6.5,0,0,0,0,0,999,"999"
"2024-10-25 17:00:00",0.015625,6.7,0,0,0,0,0,999,"999"
"2024-10-25 17:15:00",0.015625,6.7,0,0,0,0,0,999,"999"
"2024-10-25 17:30:00",0.015625,6.2,0,0,0,0,0,999,"999"
"2024-10-25 17:45:00",0.015625,6.6,0,0,0,0,0,999,"999"
"2024-10-25 18:00:00",0.015625,6.2,0,0,0,0,0,999,"999"
"2024-10-25 18:15:00",0.015625,6.2,0,0,0,0,0,999,"999"
"2024-10-25 18:30:00",0.015625,6.8,0,0,0,0,0,999,"999"
"2024-10-25 18:45:00",0.015625,7.2,0,0,0,0,0,999,"999"
"2024-10-25 19:00:00",0.015625,6.4,0,0,0,0,0,999,"999"
"2024-10-25 19:15:00",0.015625,6,0,0,0,0,0,999,"999"
"2024-10-25 19:30:00",0.015625,6.3,0,0,0,0,0,999,"999"
"2024-10-25 19:45:00",0.015625,6.3,0,0,0,0,0,999,"999"
"2024-10-25 20:00:00",0.015625,6.1,0,0,0,0,0,999,"999"
"2024-10-25 20:15:00",0.015625,5.9,0,0,0,0,0,999,"999"
"2024-10-25 20:30:00",0.015625,6.2,0,0,0,0,0,999,"999"
"2024-10-25 20:45:00",0.015625,6.2,0,0,0,0,0,999,"999"
"2024-10-25 21:00:00",0.015625,6.4,0,0,0,0,0,999,"999"
"2024-10-25 21:15:00",0.015625,6,0,0,0,0,0,999,"999"
"2024-10-25 21:30:00",0.015625,6.4,0,0,0,0,0,999,"999"
"2024-10-25 21:45:00",0.015625,6.3,0,0,0,0,0,999,"999"
"2024-10-25 22:00:00",0.015625,6.3,0,0,0,0,0,999,"999"
"2024-10-25 22:15:00",0.015625,6.2,0,0,0,0,0,999,"999"
"2024-10-25 22:30:00",0.015625,6.4,0,0,0,0,0,999,"999"
"2024-10-25 22:45:00",0.015625,6.4,0,0,0,0,0,999,"999"
"2024-10-25 23:00:00",0.015625,6.3,0,0,0,0,0,999,"999"
"2024-10-25 23:15:00",0.015625,6.2,0,0,0,0,0,999,"999"
"2024-10-25 23:30:00",0.015625,6.4,0,0,0,0,0,999,"999"
"2024-10-25 23:45:00",0.015625,6.2,0,0,0,0,0,999,"999"
"2024-10-26 00:00:00",0.015625,6.1,0,0,0,0,0,999,"999"
"2024-10-26 00:15:00",0.015625,6.5,0,0,0,0,0,999,"999"
"2024-10-26 00:30:00",0.015625,6.1,0,0,0,0,0,999,"999"
"2024-10-26 00:45:00",0.015625,6.1,0,0,0,0,0,999,"999"
"2024-10-26 01:00:00",0.015625,6.2,0,0,0,0,0,999,"999"
"2024-10-26 01:15:00",0.015625,6.1,0,0,0,0,0,999,"999"
"2024-10-26 01:30:00",0.015625,6.4,0,0,0,0,0,999,"999"
"2024-10-26 01:45:00",0.015625,6.4,0,0,0,0,0,999,"999"
"2024-10-26 02:00:00",0.015625,6.2,0,0,0,0,0,999,"999"
"2024-10-26 02:15:00",0.015625,6.5,0,0,0,0,0,999,"999"
"2024-10-26 02:30:00",0.015625,6.7,0,0,0,0,0,999,"999"
"2024-10-26 02:45:00",0.015625,6.1,0,0,0,0,0,999,"999"
"2024-10-26 03:00:00",0.015625,6.4,0,0,0,0,0,999,"999"
"2024-10-26 03:15:00",0.015625,6.2,0,0,0,0,0,999,"999"
"2024-10-26 03:30:00",0.015625,6.1,0,0,0,0,0,999,"999"
"2024-10-26 03:45:00",0.015625,6.3,0,0,0,0,0,999,"999"
"2024-10-26 04:00:00",0.015625,5.9,0,0,0,0,0,999,"999"
"2024-10-26 04:15:00",0.015625,6.1,0,0,0,0,0,999,"999"
"2024-10-26 04:30:00",0.015625,6.4,0,0,0,0,0,999,"999"
"2024-10-26 04:45:00",0.015625,6,0,0,0,0,0,999,"999"
"2024-10-26 05:00:00",0.015625,6.1,0,0,0,0,0,999,"999"
"2024-10-26 05:15:00",0.015625,6.1,0,0,0,0,0,999,"999"
"2024-10-26 05:30:00",0.015625,6.4,0,0,0,0,0,999,"999"
"2024-10-26 05:45:00",0.015625,6.1,0,0,0,0,0,999,"999"
"2024-10-26 06:00:00",0.015625,6.2,0,0,0,0,0,999,"999"
"2024-10-26 06:15:00",0.015625,6.7,0,0,0,0,0,999,"999"
"2024-10-26 06:30:00",0.015625,6.1,0,0,0,0,0,999,"999"
"2024-10-26 06:45:00",0.015625,6.3,0,0,0,0,0,999,"999"
"2024-10-26 07:00:00",0.015625,6.4,0,0,0,0,0,999,"999"
"2024-10-26 07:15:00",0.015625,6.2,0,0,0,0,0,999,"999"
"2024-10-26 07:30:00",0.015625,6.3,0,0,0,0,0,999,"999"
"2024-10-26 07:45:00",0.015625,6.1,0,0,0,0,0,999,"999"
"2024-10-26 08:00:00",0.015625,6.5,0,0,0,0,0,999,"999"
"2024-10-26 08:15:00",0.015625,6.6,0,0,0,0,0,999,"999"
"2024-10-26 08:30:00",0.015625,6.3,0,0,0,0,0,999,"999"
"2024-10-26 08:45:00",0.015625,6.4,0,0,0,0,0,999,"999"
"2024-10-26 09:00:00",0.015625,6.9,0,0,0,0,0,999,"999"
"2024-10-26 09:15:00",0.015625,6.7,0,0,0,0,0,999,"999"
"2024-10-26 09:30:00",0.015625,6.3,0,0,0,0,0,999,"999"
"2024-10-26 09:45:00",0.015625,6.5,0,0,0,0,0,999,"999"
"2024-10-26 10:00:00",0.015625,6.7,0,0,0,0,0,999,"999"
"2024-10-26 10:15:00",0.015625,6.2,0,0,0,0,0,999,"999"
"2024-10-26 10:30:00",0.015625,6.4,0,0,0,0,0,999,"999"
"2024-10-26 10:45:00",0.015625,6.2,0,0,0,0,0,999,"999"
"2024-10-26 11:00:00",0.015625,6.2,0,0,0,0,0,999,"999"
"2024-10-26 11:15:00",0.015625,6.1,0,0,0,0,0,999,"999"
"2024-10-26 11:30:00",0.015625,6.2,0,0,0,0,0,999,"999"
"2024-10-26 11:45:00",0.015625,5.9,0,0,0,0,0,999,"999"
"2024-10-26 12:00:00",0.015625,6.2,0,0,0,0,0,999,"999"
"2024-10-26 12:15:00",0.015625,6.2,0,0,0,0,0,999,"999"
"2024-10-26 12:30:00",0.015625,6.2,0,0,0,0,0,999,"999"
"2024-10-26 12:45:00",0.015625,6,0,0,0,0,0,999,"999"
"2024-10-26 13:00:00",0.015625,6.2,0,0,0,0,0,999,"999"
"2024-10-26 13:15:00",0.015625,6.6,0,0,0,0,0,999,"999"
"2024-10-26 13:30:00",0.015625,6.5,0,0,0,0,0,999,"999"
"2024-10-26 13:45:00",0.015625,6.2,0,0,0,0,0,999,"999"
"2024-10-26 14:00:00",0.015625,6.5,0,0,0,0,0,999,"999"
"2024-10-26 14:15:00",0.015625,6.2,0,0,0,0,0,999,"999"
"2024-10-26 14:30:00",0.015625,6.5,0,0,0,0,0,999,"999"
"2024-10-26 14:45:00",0.015625,6.7,0,0,0,0,0,999,"999"
"2024-10-26 15:00:00",0.015625,6.6,0,0,0,0,0,999,"999"
"2024-10-26 15:15:00",0.109375,6.8,0,0,0,0,0,999,"999"
"2024-10-26 15:30:00",0.34375,6.4,0,0,0,0,0,999,"999"
"2024-10-26 15:45:00",0.65625,6.7,0,0,0,0,0,999,"999"
"2024-10-26 16:00:00",0.890625,7.2,0,0,0,0,0,999,"999"
"2024-10-26 16:15:00",0.984375,6.8,0,0,0,0,0,999,"999"
"2024-10-26 16:30:00",1,7.4,0,0,0,1,0,999,"999"
"2024-10-26 16:45:00",1,6.8,0,0,0,0,0,999,"999"
"2024-10-26 17:00:00",1,7.2,0,0,0,0,0,999,"999"
"2024-10-26 17:15:00",1,7.4,0,0,0,0,0,999,"999"
"2024-10-26 17:30:00",1,6.8,0,0,0,0,0,999,"999"
"2024-10-26 17:45:00",1,7,0,0,0,0,0,999,"999"
"2024-10-26 18:00:00",1,6.8,0,0,0,0,0,999,"999"
"2024-10-26 18:15:00",1,7.2,0,0,0,0,0,999,"999"
"2024-10-26 18:30:00",1,7.2,0,0,0,0,0,999,"999"
"2024-10-26 18:45:00",1,7.7,0,0,0,0,0,999,"999"
"2024-10-26 19:00:00",1,7.4,0,0,0,0,0,999,"999"
"2024-10-26 19:15:00",1,7.6,0,0,0,0,1,999,"999"
"2024-10-26 19:30:00",0.015625,7.6,0,0,0,0,0,999,"999"
"2024-10-26 19:45:00",0.015625,7.6,0,0,0,0,0,999,"999"
"2024-10-26 20:00:00",0.015625,7.8,0,0,0,0,0,999,"999"
"2024-10-26 20:15:00",0.015625,7.6,0,0,0,0,0,999,"999"
"2024-10-26 20:30:00",0.015625,8.2,0,0,0,0,0,999,"999"
"2024-10-26 20:45:00",0.015625,8.6,0,0,0,0,0,999,"999"
"2024-10-26 21:00:00",0.015625,8.6,0,0,0,0,0,999,"999"
"2024-10-26 21:15:00",0.015625,8.3,0,0,0,0,0,999,"999"
"2024-10-26 21:30:00",0.015625,8,0,0,0,0,0,999,"999"
"2024-10-26 21:45:00",0.015625,8.3,0,0,0,0,0,999,"999"
"2024-10-26 22:00:00",0.015625,8.3,0,0,0,0,0,999,"999"
"2024-10-26 22:15:00",0.015625,8.4,0,0,0,0,0,999,"999"
"2024-10-26 22:30:00",0.015625,8.6,0,0,0,0,0,999,"999"
"2024-10-26 22:45:00",0.015625,8.4,0,0,0,0,0,999,"999"
"2024-10-26 23:00:00",0.015625,8.5,0,0,0,0,0,999,"999"
"2024-10-26 23:15:00",0.015625,8.6,0,0,0,0,0,999,"999"
"2024-10-26 23:30:00",0.015625,8.6,0,0,0,0,0,999,"999"
"2024-10-26 23:45:00",0.015625,8.6,0,0,0,0,0,999,"999"
"2024-10-27 00:00:00",0.015625,8.3,0,0,0,0,0,999,"999"
"2024-10-27 00:15:00",0.015625,8.4,0,0,0,0,0,999,"999"
"2024-10-27 00:30:00",0.015625,8.6,0,0,0,0,0,999,"999"
"2024-10-27 00:45:00",0.015625,8.6,0,0,0,0,0,999,"999"
"2024-10-27 01:00:00",0.015625,9,0,0,0,0,0,999,"999"
"2024-10-27 01:15:00",0.015625,8.4,0,0,0,0,0,999,"999"
"2024-10-27 01:30:00",0.015625,8.4,0,0,0,0,0,999,"999"
"2024-10-27 01:45:00",0.015625,8.7,0,0,0,0,0,999,"999"
"2024-10-27 02:00:00",0.015625,8.4,0,0,0,0,0,999,"999"
"2024-10-27 02:15:00",0.015625,8.5,0,0,0,0,0,999,"999"
"2024-10-27 02:30:00",0.015625,8.6,0,0,0,0,0,999,"999"
"2024-10-27 02:45:00",0.015625,8.7,0,0,0,0,0,999,"999"
"2024-10-27 03:00:00",0.015625,8.6,0,0,0,0,0,999,"999"
"2024-10-27 03:15:00",0.015625,8.6,0,0,0,0,0,999,"999"
"2024-10-27 03:30:00",0.015625,8.6,0,0,0,0,0,999,"999"
"2024-10-27 03:45:00",0.015625,8.5,0,0,0,0,0,999,"999"
"2024-10-27 04:00:00",0.015625,8.6,0,0,0,0,0,999,"999"
"2024-10-27 04:15:00",0.015625,8.8,0,0,0,0,0,999,"999"
"2024-10-27 04:30:00",0.015625,8.8,0,0,0,0,0,999,"999"
"2024-10-27 04:45:00",0.015625,8.7,0,0,0,0,0,999,"999"
"2024-10-27 05:00:00",0.015625,8.7,0,0,0,0,0,999,"999"
"2024-10-27 05:15:00",0.015625,8.1,0,0,0,0,0,999,"999"
"2024-10-27 05:30:00",0.015625,8.5,0,0,0,0,0,999,"999"
"2024-10-27 05:45:00",0.015625,8.6,0,0,0,0,0,999,"999"
"2024-10-27 06:00:00",0.015625,8.5,0,0,0,0,0,999,"999"
"2024-10-27 06:15:00",0.015625,8.7,0,0,0,0,0,999,"999"
"2024-10-27 06:30:00",0.015625,8.5,0,0,0,0,0,999,"999"
"2024-10-27 06:45:00",0.015625,9.1,0,0,0,0,0,999,"999"
"2024-10-27 07:00:00",0.109375,8.7,0,0,0,0,0,999,"999"
"2024-10-27 07:15:00",0.109375,8.7,0,0,0,0,0,999,"999"
"2024-10-27 07:30:00",0.109375,8.6,0,0,0,0,0,999,"999"
"2024-10-27 07:45:00",0.109375,8.5,0,0,0,0,0,999,"999"
"2024-10-27 08:00:00",0.109375,8.7,0,0,0,0,0,999,"999"
"2024-10-27 08:15:00",0.109375,9,0,0,0,0,0,999,"999"
"2024-10-27 08:30:00",0.015625,8.7,0,0,0,0,0,999,"999"
"2024-10-27 08:45:00",0.015625,9,0,0,0,0,0,999,"999"
"2024-10-27 09:00:00",0.109375,8.8,0,0,0,0,0,999,"999"
"2024-10-27 09:15:00",0.109375,8.7,0,0,0,0,0,999,"999"
"2024-10-27 09:30:00",0.109375,8.9,0,0,0,0,0,999,"999"
"2024-10-27 09:45:00",0.34375,8.9,0,0,0,0,0,999,"999"
"2024-10-27 10:00:00",0.65625,8.9,0,0,0,0,0,999,"999"
"2024-10-27 10:15:00",0.890625,9.1,0,0,0,0,0,999,"999"
"2024-10-27 10:30:00",0.890625,8.7,0,0,0,0,0,999,"999"
"2024-10-27 10:45:00",0.890625,8.7,0,0,0,0,0,999,"999"
"2024-10-27 11:00:00",0.890625,9,0,0,0,0,0,999,"999"
"2024-10-27 11:15:00",0.65625,8.8,0,0,0,0,0,999,"999"
"2024-10-27 11:30:00",0.34375,8.7,0,0,0,0,0,999,"999"
"2024-10-27 11:45:00",0.109375,8.8,0,0,0,0,0,999,"999"
"2024-10-27 12:00:00",0.015625,8.8,0,0,0,0,0,999,"999"
"2024-10-27 12:15:00",0.015625,8.1,0,0,0,0,0,999,"999"
"2024-10-27 12:30:00",0.109375,8.9,0,0,0,0,0,999,"999"
"2024-10-27 12:45:00",0.109375,8.6,0,0,0,0,0,999,"999"
"2024-10-27 13:00:00",0.109375,8.6,0,0,0,0,0,999,"999"
"2024-10-27 13:15:00",0.109375,8.6,0,0,0,0,0,999,"999"
"2024-10-27 13:30:00",0.109375,8.7,0,0,0,0,0,999,"999"
"2024-10-27 13:45:00",0.109375,8.6,0,0,0,0,0,999,"999"
"2024-10-27 14:00:00",0.015625,8.6,0,0,0,0,0,999,"999"
"2024-10-27 14:15:00",0.015625,10,0,0,0,0,0,999,"999"
"2024-10-27 14:30:00",0.109375,8.7,0,0,0,0,0,999,"999"
"2024-10-27 14:45:00",0.109375,8.4,0,0,0,0,0,999,"999"
"2024-10-27 15:00:00",0.109375,8.9,0,0,0,0,0,999,"999"
"2024-10-27 15:15:00",0.109375,8.6,0,0,0,0,0,999,"999"
"2024-10-27 15:30:00",0.109375,8.7,0,0,0,0,0,999,"999"
"2024-10-27 15:45:00",0.109375,8.6,0,0,0,0,0,999,"999"
"2024-10-27 16:00:00",0.015625,8.6,0,0,0,0,0,999,"999"
"2024-10-27 16:15:00",0.015625,8.5,0,0,0,0,0,999,"999"
"2024-10-27 16:30:00",0.015625,8.5,0,0,0,0,0,999,"999"
"2024-10-27 16:45:00",0.015625,8.6,0,0,0,0,0,999,"999"
"2024-10-27 17:00:00",0.015625,8.5,0,0,0,0,0,999,"999"
"2024-10-27 17:15:00",0.015625,8.1,0,0,0,0,0,999,"999"
"2024-10-27 17:30:00",0.109375,8.7,0,0,0,0,0,999,"999"
"2024-10-27 17:45:00",0.109375,8.5,0,0,0,0,0,999,"999"
"2024-10-27 18:00:00",0.109375,8.5,0,0,0,0,0,999,"999"
"2024-10-27 18:15:00",0.109375,8.5,0,0,0,0,0,999,"999"
"2024-10-27 18:30:00",0.109375,8.4,0,0,0,0,0,999,"999"
"2024-10-27 18:45:00",0.109375,8.6,0,0,0,0,0,999,"999"
"2024-10-27 19:00:00",0.015625,8.2,0,0,0,0,0,999,"999"
"2024-10-27 19:15:00",0.015625,8.3,0,0,0,0,0,999,"999"
"2024-10-27 19:30:00",0.015625,8.1,0,0,0,0,0,999,"999"
"2024-10-27 19:45:00",0.015625,8.3,0,0,0,0,0,999,"999"
"2024-10-27 20:00:00",0.015625,8.6,0,0,0,0,0,999,"999"
"2024-10-27 20:15:00",0.015625,8.6,0,0,0,0,0,999,"999"
"2024-10-27 20:30:00",0.015625,8.6,0,0,0,0,0,999,"999"
"2024-10-27 20:45:00",0.015625,8.1,0,0,0,0,0,999,"999"
"2024-10-27 21:00:00",0.015625,8.5,0,0,0,0,0,999,"999"
"2024-10-27 21:15:00",0.015625,8.3,0,0,0,0,0,999,"999"
"2024-10-27 21:30:00",0.015625,8.3,0,0,0,0,0,999,"999"
"2024-10-27 21:45:00",0.015625,8.7,0,0,0,0,0,999,"999"
"2024-10-27 22:00:00",0.015625,8.8,0,0,0,0,0,999,"999"
"2024-10-27 22:15:00",0.015625,8.7,0,0,0,0,0,999,"999"
"2024-10-27 22:30:00",0.015625,8.5,0,0,0,0,0,999,"999"
"2024-10-27 22:45:00",0.015625,8.3,0,0,0,0,0,999,"999"
"2024-10-27 23:00:00",0.015625,8.3,0,0,0,0,0,999,"999"
"2024-10-27 23:15:00",0.015625,8.4,0,0,0,0,0,999,"999"
"2024-10-27 23:30:00",0.015625,8.1,0,0,0,0,0,999,"999"
"2024-10-27 23:45:00",0.109375,8.2,0,0,0,0,0,999,"999"
"2024-10-28 00:00:00",0.109375,8.4,0,0,0,0,0,999,"999"
"2024-10-28 00:15:00",0.109375,7.8,0,0,0,0,0,999,"999"
"2024-10-28 00:30:00",0.34375,8.1,0,0,0,0,0,999,"999"
"2024-10-28 00:45:00",0.34375,8.2,0,0,0,0,0,999,"999"
"2024-10-28 01:00:00",0.34375,8.1,0,0,0,0,0,999,"999"
"2024-10-28 01:15:00",0.109375,7.8,0,0,0,0,0,999,"999"
"2024-10-28 01:30:00",0.109375,7.8,0,0,0,0,0,999,"999"
"2024-10-28 01:45:00",0.109375,7.8,0,0,0,0,0,999,"999"
"2024-10-28 02:00:00",0.015625,7.6,0,0,0,0,0,999,"999"
"2024-10-28 02:15:00",0.015625,7.7,0,0,0,0,0,999,"999"
"2024-10-28 02:30:00",0.015625,7.8,0,0,0,0,0,999,"999"
"2024-10-28 02:45:00",0.015625,7.8,0,0,0,0,0,999,"999"
"2024-10-28 03:00:00",0.015625,7.6,0,0,0,0,0,999,"999"
"2024-10-28 03:15:00",0.015625,7.5,0,0,0,0,0,999,"999"
"2024-10-28 03:30:00",0.015625,7.4,0,0,0,0,0,999,"999"
"2024-10-28 03:45:00",0.015625,7.6,0,0,0,0,0,999,"999"
"2024-10-28 04:00:00",0.015625,7.6,0,0,0,0,0,999,"999"
"2024-10-28 04:15:00",0.015625,7.9,0,0,0,0,0,999,"999"
"2024-10-28 04:30:00",0.015625,7.6,0,0,0,0,0,999,"999"
"2024-10-28 04:45:00",0.015625,7.5,0,0,0,0,0,999,"999"
"2024-10-28 05:00:00",0.015625,7.8,0,0,0,0,0,999,"999"
"2024-10-28 05:15:00",0.015625,7.8,0,0,0,0,0,999,"999"
"2024-10-28 05:30:00",0.015625,7.5,0,0,0,0,0,999,"999"
"2024-10-28 05:45:00",0.015625,7.5,0,0,0,0,0,999,"999"
"2024-10-28 06:00:00",0.015625,7.8,0,0,0,0,0,999,"999"
"2024-10-28 06:15:00",0.015625,7.8,0,0,0,0,0,999,"999"
"2024-10-28 06:30:00",0.015625,7.8,0,0,0,0,0,999,"999"
"2024-10-28 06:45:00",0.015625,7.8,0,0,0,0,0,999,"999"
"2024-10-28 07:00:00",0.015625,7.7,0,0,0,0,0,999,"999"
"2024-10-28 07:15:00",0.015625,8.3,0,0,0,0,0,999,"999"
"2024-10-28 07:30:00",0.015625,7.5,0,0,0,0,0,999,"999"
"2024-10-28 07:45:00",0.015625,7.6,0,0,0,0,0,999,"999"
"2024-10-28 08:00:00",0.015625,7.4,0,0,0,0,0,999,"999"
"2024-10-28 08:15:00",0.015625,7.8,0,0,0,0,0,999,"999"
"2024-10-28 08:30:00",0.015625,7.6,0,0,0,0,0,999,"999"
"2024-10-28 08:45:00",0.015625,7.8,0,0,0,0,0,999,"999"
"2024-10-28 09:00:00",0.015625,7.9,0,0,0,0,0,999,"999"
"2024-10-28 09:15:00",0.015625,7.8,0,0,0,0,0,999,"999"
"2024-10-28 09:30:00",0.015625,7.9,0,0,0,0,0,999,"999"
"2024-10-28 09:45:00",0.015625,7.9,0,0,0,0,0,999,"999"
"2024-10-28 10:00:00",0.015625,7.6,0,0,0,0,0,999,"999"
"2024-10-28 10:15:00",0.015625,7.4,0,0,0,0,0,999,"999"
"2024-10-28 10:30:00",0.015625,7.2,0,0,0,0,0,999,"999"
"2024-10-28 10:45:00",0.015625,7.4,0,0,0,0,0,999,"999"
"2024-10-28 11:00:00",0.015625,7.6,0,0,0,0,0,999,"999"
"2024-10-28 11:15:00",0.015625,7.2,0,0,0,0,0,999,"999"
"2024-10-28 11:30:00",0.015625,7.4,0,0,0,0,0,999,"999"
"2024-10-28 11:45:00",0.015625,7.3,0,0,0,0,0,999,"999"
"2024-10-28 12:00:00",0.015625,7.5,0,0,0,0,0,999,"999"
"2024-10-28 12:15:00",0.015625,7.2,0,0,0,0,0,999,"999"
"2024-10-28 12:30:00",0.015625,7.3,0,0,0,0,0,999,"999"
"2024-10-28 12:45:00",0.015625,7.2,0,0,0,0,0,999,"999"
"2024-10-28 13:00:00",0.015625,7.1,0,0,0,0,0,999,"999"
"2024-10-28 13:15:00",0.015625,7.2,0,0,0,0,0,999,"999"
"2024-10-28 13:30:00",0.015625,6.9,0,0,0,0,0,999,"999"
"2024-10-28 13:45:00",0.015625,7.3,0,0,0,0,0,999,"999"
"2024-10-28 14:00:00",0.015625,6.8,0,0,0,0,0,999,"999"
"2024-10-28 14:15:00",0.015625,6.8,0,0,0,0,0,999,"999"
"2024-10-28 14:30:00",0.015625,6.9,0,0,0,0,0,999,"999"
"2024-10-28 14:45:00",0.015625,6.7,0,0,0,0,0,999,"999"
"2024-10-28 15:00:00",0.015625,7,0,0,0,0,0,999,"999"
"2024-10-28 15:15:00",0.015625,6.8,0,0,0,0,0,999,"999"
"2024-10-28 15:30:00",0.015625,6.7,0,0,0,0,0,999,"999"
"2024-10-28 15:45:00",0.015625,6.5,0,0,0,0,0,999,"999"
"2024-10-28 16:00:00",0.015625,6.6,0,0,0,0,0,999,"999"
"2024-10-28 16:15:00",0.015625,6.8,0,0,0,0,0,999,"999"
"2024-10-28 16:30:00",0.015625,6.3,0,0,0,0,0,999,"999"
"2024-10-28 16:45:00",0.015625,6.4,0,0,0,0,0,999,"999"
"2024-10-28 17:00:00",0.015625,6.3,0,0,0,0,0,999,"999"
"2024-10-28 17:15:00",0.015625,6.5,0,0,0,0,0,999,"999"
"2024-10-28 17:30:00",0.015625,6.6,0,0,0,0,0,999,"999"
"2024-10-28 17:45:00",0.015625,6.4,0,0,0,0,0,999,"999"
"2024-10-28 18:00:00",0.015625,6.4,0,0,0,0,0,999,"999"
"2024-10-28 18:15:00",0.015625,6.5,0,0,0,0,0,999,"999"
"2024-10-28 18:30:00",0.015625,6.1,0,0,0,0,0,999,"999"
"2024-10-28 18:45:00",0.015625,6.2,0,0,0,0,0,999,"999"
"2024-10-28 19:00:00",0.015625,6.2,0,0,0,0,0,999,"999"
"2024-10-28 19:15:00",0.015625,6.5,0,0,0,0,0,999,"999"
"2024-10-28 19:30:00",0.015625,6.2,0,0,0,0,0,999,"999"
"2024-10-28 19:45:00",0.015625,6.4,0,0,0,0,0,999,"999"
"2024-10-28 20:00:00",0.015625,6.9,0,0,0,0,0,999,"999"
"2024-10-28 20:15:00",0.015625,6.4,0,0,0,0,0,999,"999"
"2024-10-28 20:30:00",0.015625,6.1,0,0,0,0,0,999,"999"
"2024-10-28 20:45:00",0.015625,6.2,0,0,0,0,0,999,"999"
"2024-10-28 21:00:00",0.015625,6.4,0,0,0,0,0,999,"999"
"2024-10-28 21:15:00",0.015625,6.2,0,0,0,0,0,999,"999"
"2024-10-28 21:30:00",0.015625,6.4,0,0,0,0,0,999,"999"
"2024-10-28 21:45:00",0.015625,6.3,0,0,0,0,0,999,"999"
"2024-10-28 22:00:00",0.015625,6.4,0,0,0,0,0,999,"999"
"2024-10-28 22:15:00",0.015625,6.5,0,0,0,0,0,999,"999"
"2024-10-28 22:30:00",0.015625,6.2,0,0,0,0,0,999,"999"
"2024-10-28 22:45:00",0.015625,6.4,0,0,0,0,0,999,"999"
"2024-10-28 23:00:00",0.015625,6.2,0,0,0,0,0,999,"999"
"2024-10-28 23:15:00",0.015625,6.1,0,0,0,0,0,999,"999"
"2024-10-28 23:30:00",0.015625,6.2,0,0,0,0,0,999,"999"
"2024-10-28 23:45:00",0.015625,6.2,0,0,0,0,0,999,"999"
"2024-10-29 00:00:00",0.015625,6.2,0,0,0,0,0,999,"999"
"2024-10-29 00:15:00",0.015625,6.1,0,0,0,0,0,999,"999"
"2024-10-29 00:30:00",0.015625,5.7,0,0,0,0,0,999,"999"
"2024-10-29 00:45:00",0.109375,6.2,0,0,0,0,0,999,"999"
"2024-10-29 01:00:00",0.109375,6.2,0,0,0,0,0,999,"999"
"2024-10-29 01:15:00",0.109375,6,0,0,0,0,0,999,"999"
"2024-10-29 01:30:00",0.109375,5.9,0,0,0,0,0,999,"999"
"2024-10-29 01:45:00",0.109375,5.9,0,0,0,0,0,999,"999"
"2024-10-29 02:00:00",0.109375,5.7,0,0,0,0,0,999,"999"
"2024-10-29 02:15:00",0.015625,6.1,0,0,0,0,0,999,"999"
"2024-10-29 02:30:00",0.015625,6.1,0,0,0,0,0,999,"999"
"2024-10-29 02:45:00",0.015625,6.1,0,0,0,0,0,999,"999"
"2024-10-29 03:00:00",0.015625,6.1,0,0,0,0,0,999,"999"
"2024-10-29 03:15:00",0.015625,6.1,0,0,0,0,0,999,"999"
"2024-10-29 03:30:00",0.015625,5.7,0,0,0,0,0,999,"999"
"2024-10-29 03:45:00",0.015625,5.9,0,0,0,0,0,999,"999"
"2024-10-29 04:00:00",0.015625,5.8,0,0,0,0,0,999,"999"
"2024-10-29 04:15:00",0.015625,6,0,0,0,0,0,999,"999"
"2024-10-29 04:30:00",0.015625,5.7,0,0,0,0,0,999,"999"
"2024-10-29 04:45:00",0.015625,5.7,0,0,0,0,0,999,"999"
"2024-10-29 05:00:00",0.015625,5.7,0,0,0,0,0,999,"999"
"2024-10-29 05:15:00",0.015625,5.6,0,0,0,0,0,999,"999"
"2024-10-29 05:30:00",0.015625,5.7,0,0,0,0,0,999,"999"
"2024-10-29 05:45:00",0.015625,6.1,0,0,0,0,0,999,"999"
"2024-10-29 06:00:00",0.015625,5.7,0,0,0,0,0,999,"999"
"2024-10-29 06:15:00",0.015625,5.5,0,0,0,0,0,999,"999"
"2024-10-29 06:30:00",0.015625,5.9,0,0,0,0,0,999,"999"
"2024-10-29 06:45:00",0.015625,5.6,0,0,0,0,0,999,"999"
"2024-10-29 07:00:00",0.015625,5.6,0,0,0,0,0,999,"999"
"2024-10-29 07:15:00",0.015625,5.7,0,0,0,0,0,999,"999"
"2024-10-29 07:30:00",0.015625,5.7,0,0,0,0,0,999,"999"
"2024-10-29 07:45:00",0.015625,5.6,0,0,0,0,0,999,"999"
"2024-10-29 08:00:00",0.015625,5.7,0,0,0,0,0,999,"999"
"2024-10-29 08:15:00",0.015625,5.7,0,0,0,0,0,999,"999"
"2024-10-29 08:30:00",0.015625,5.5,0,0,0,0,0,999,"999"
"2024-10-29 08:45:00",0.015625,5.7,0,0,0,0,0,999,"999"
"2024-10-29 09:00:00",0.015625,5.9,0,0,0,0,0,999,"999"
"2024-10-29 09:15:00",0.015625,5.7,0,0,0,0,0,999,"999"
"2024-10-29 09:30:00",0.015625,5.7,0,0,0,0,0,999,"999"
"2024-10-29 09:45:00",0.015625,5.7,0,0,0,0,0,999,"999"
"2024-10-29 10:00:00",0.015625,5.6,0,0,0,0,0,999,"999"
"2024-10-29 10:15:00",0.015625,5.5,0,0,0,0,0,999,"999"
"2024-10-29 10:30:00",0.015625,5.7,0,0,0,0,0,999,"999"
"2024-10-29 10:45:00",0.015625,5.5,0,0,0,0,0,999,"999"
"2024-10-29 11:00:00",0.015625,5.6,0,0,0,0,0,999,"999"
"2024-10-29 11:15:00",0.015625,5.4,0,0,0,0,0,999,"999"
"2024-10-29 11:30:00",0.015625,5.6,0,0,0,0,0,999,"999"
"2024-10-29 11:45:00",0.015625,5.6,0,0,0,0,0,999,"999"
"2024-10-29 12:00:00",0.015625,5.4,0,0,0,0,0,999,"999"
"2024-10-29 12:15:00",0.015625,5.4,0,0,0,0,0,999,"999"
"2024-10-29 12:30:00",0.015625,5.4,0,0,0,0,0,999,"999"
"2024-10-29 12:45:00",0.015625,5.4,0,0,0,0,0,999,"999"
"2024-10-29 13:00:00",0.015625,5.3,0,0,0,0,0,999,"999"
"2024-10-29 13:15:00",0.015625,5.4,0,0,0,0,0,999,"999"
"2024-10-29 13:30:00",0.015625,5.1,0,0,0,0,0,999,"999"
"2024-10-29 13:45:00",0.015625,5.6,0,0,0,0,0,999,"999"
"2024-10-29 14:00:00",0.015625,5.4,0,0,0,0,0,999,"999"
"2024-10-29 14:15:00",0.015625,5.1,0,0,0,0,0,999,"999"
"2024-10-29 14:30:00",0.015625,5.1,0,0,0,0,0,999,"999"
"2024-10-29 14:45:00",0.015625,5,0,0,0,0,0,999,"999"
"2024-10-29 15:00:00",0.015625,4.8,0,0,0,0,0,999,"999"
"2024-10-29 15:15:00",0.015625,5.5,0,0,0,0,0,999,"999"
"2024-10-29 15:30:00",0.015625,5.3,0,0,0,0,0,999,"999"
"2024-10-29 15:45:00",0.015625,5.1,0,0,0,0,0,999,"999"
"2024-10-29 16:00:00",0.015625,4.7,0,0,0,0,0,999,"999"
"2024-10-29 16:15:00",0.015625,5,0,0,0,0,0,999,"999"
"2024-10-29 16:30:00",0.015625,4.8,0,0,0,0,0,999,"999"
"2024-10-29 16:45:00",0.015625,4.8,0,0,0,0,0,999,"999"
"2024-10-29 17:00:00",0.015625,4.8,0,0,0,0,0,999,"999"
"2024-10-29 17:15:00",0.015625,5,0,0,0,0,0,999,"999"
"2024-10-29 17:30:00",0.015625,4.9,0,0,0,0,0,999,"999"
"2024-10-29 17:45:00",0.015625,0.3,0,0,0,0,0,999,"999"
"2024-10-29 18:00:00",0.109375,4.9,0,0,0,0,0,999,"999"
"2024-10-29 18:15:00",0.109375,4.7,0,0,0,0,0,999,"999"
"2024-10-29 18:30:00",0.109375,4.7,0,0,0,0,0,999,"999"
"2024-10-29 18:45:00",0.109375,4.5,0,0,0,0,0,999,"999"
"2024-10-29 19:00:00",0.109375,4.7,0,0,0,0,0,999,"999"
"2024-10-29 19:15:00",0.109375,5,0,0,0,0,0,999,"999"
"2024-10-29 19:30:00",0.015625,5.2,0,0,0,0,0,999,"999"
"2024-10-29 19:45:00",0.015625,4.8,0,0,0,0,0,999,"999"
"2024-10-29 20:00:00",0.015625,5.1,0,0,0,0,0,999,"999"
"2024-10-29 20:15:00",0.015625,4.7,0,0,0,0,0,999,"999"
"2024-10-29 20:30:00",0.015625,4.8,0,0,0,0,0,999,"999"
"2024-10-29 20:45:00",0.015625,5,0,0,0,0,0,999,"999"
"2024-10-29 21:00:00",0.015625,4.8,0,0,0,0,0,999,"999"
"2024-10-29 21:15:00",0.015625,5,0,0,0,0,0,999,"999"
"2024-10-29 21:30:00",0.015625,4.9,0,0,0,0,0,999,"999"
"2024-10-29 21:45:00",0.015625,4.7,0,0,0,0,0,999,"999"
"2024-10-29 22:00:00",0.015625,4.8,0,0,0,0,0,999,"999"
"2024-10-29 22:15:00",0.015625,4.7,0,0,0,0,0,999,"999"
"2024-10-29 22:30:00",0.015625,4.8,0,0,0,0,0,999,"999"
"2024-10-29 22:45:00",0.015625,5.1,0,0,0,0,0,999,"999"
"2024-10-29 23:00:00",0.015625,5.5,0,0,0,0,0,999,"999"
"2024-10-29 23:15:00",0.015625,4.6,0,0,0,0,0,999,"999"
"2024-10-29 23:30:00",0.015625,5,0,0,0,0,0,999,"999"
"2024-10-29 23:45:00",0.015625,5.1,0,0,0,0,0,999,"999"
"2024-10-30 00:00:00",0.015625,5,0,0,0,0,0,999,"999"
"2024-10-30 00:15:00",0.015625,5.1,0,0,0,0,0,999,"999"
"2024-10-30 00:30:00",0.015625,5,0,0,0,0,0,999,"999"
"2024-10-30 00:45:00",0.015625,4.9,0,0,0,0,0,999,"999"
"2024-10-30 01:00:00",0.015625,4.9,0,0,0,0,0,999,"999"
"2024-10-30 01:15:00",0.015625,4.8,0,0,0,0,0,999,"999"
"2024-10-30 01:30:00",0.015625,4.8,0,0,0,0,0,999,"999"
"2024-10-30 01:45:00",0.015625,4.3,0,0,0,0,0,999,"999"
"2024-10-30 02:00:00",0.109375,4.8,0,0,0,0,0,999,"999"
"2024-10-30 02:15:00",0.109375,5.2,0,0,0,0,0,999,"999"
"2024-10-30 02:30:00",0.109375,4.8,0,0,0,0,0,999,"999"
"2024-10-30 02:45:00",0.109375,4.8,0,0,0,0,0,999,"999"
"2024-10-30 03:00:00",0.109375,4.6,0,0,0,0,0,999,"999"
"2024-10-30 03:15:00",0.109375,4.8,0,0,0,0,0,999,"999"
"2024-10-30 03:30:00",0.015625,4.7,0,0,0,0,0,999,"999"
"2024-10-30 03:45:00",0.015625,4.8,0,0,0,0,0,999,"999"
"2024-10-30 04:00:00",0.015625,4.9,0,0,0,0,0,999,"999"
"2024-10-30 04:15:00",0.015625,4.6,0,0,0,0,0,999,"999"
"2024-10-30 04:30:00",0.015625,4.6,0,0,0,0,0,999,"999"
"2024-10-30 04:45:00",0.015625,4.8,0,0,0,0,0,999,"999"
"2024-10-30 05:00:00",0.015625,4.5,0,0,0,0,0,999,"999"
"2024-10-30 05:15:00",0.015625,4.6,0,0,0,0,0,999,"999"
"2024-10-30 05:30:00",0.015625,4.6,0,0,0,0,0,999,"999"
"2024-10-30 05:45:00",0.015625,4.9,0,0,0,0,0,999,"999"
"2024-10-30 06:00:00",0.015625,4.6,0,0,0,0,0,999,"999"
"2024-10-30 06:15:00",0.015625,4.6,0,0,0,0,0,999,"999"
"2024-10-30 06:30:00",0.015625,4.5,0,0,0,0,0,999,"999"
"2024-10-30 06:45:00",0.015625,4.5,0,0,0,0,0,999,"999"
"2024-10-30 07:00:00",0.015625,4.8,0,0,0,0,0,999,"999"
"2024-10-30 07:15:00",0.015625,4.9,0,0,0,0,0,999,"999"
"2024-10-30 07:30:00",0.015625,4.8,0,0,0,0,0,999,"999"
"2024-10-30 07:45:00",0.015625,4.7,0,0,0,0,0,999,"999"
"2024-10-30 08:00:00",0.015625,4.7,0,0,0,0,0,999,"999"
"2024-10-30 08:15:00",0.015625,4.8,0,0,0,0,0,999,"999"
"2024-10-30 08:30:00",0.015625,4.8,0,0,0,0,0,999,"999"
"2024-10-30 08:45:00",0.015625,4.9,0,0,0,0,0,999,"999"
"2024-10-30 09:00:00",0.015625,5,0,0,0,0,0,999,"999"
"2024-10-30 09:15:00",0.015625,4.5,0,0,0,0,0,999,"999"
"2024-10-30 09:30:00",0.109375,4.8,0,0,0,0,0,999,"999"
"2024-10-30 09:45:00",0.109375,4.8,0,0,0,0,0,999,"999"
"2024-10-30 10:00:00",0.109375,4.8,0,0,0,0,0,999,"999"
"2024-10-30 10:15:00",0.109375,4.5,0,0,0,0,0,999,"999"
"2024-10-30 10:30:00",0.109375,4.4,0,0,0,0,0,999,"999"
"2024-10-30 10:45:00",0.109375,4.9,0,0,0,0,0,999,"999"
"2024-10-30 11:00:00",0.015625,4.7,0,0,0,0,0,999,"999"
"2024-10-30 11:15:00",0.015625,4.8,0,0,0,0,0,999,"999"
"2024-10-30 11:30:00",0.015625,4.6,0,0,0,0,0,999,"999"
"2024-10-30 11:45:00",0.015625,4.6,0,0,0,0,0,999,"999"
"2024-10-30 12:00:00",0.015625,4.8,0,0,0,0,0,999,"999"
"2024-10-30 12:15:00",0.015625,4.6,0,0,0,0,0,999,"999"
"2024-10-30 12:30:00",0.015625,4.5,0,0,0,0,0,999,"999"
"2024-10-30 12:45:00",0.015625,4.5,0,0,0,0,0,999,"999"
"2024-10-30 13:00:00",0.015625,4.4,0,0,0,0,0,999,"999"
"2024-10-30 13:15:00",0.015625,4.2,0,0,0,0,0,999,"999"
"2024-10-30 13:30:00",0.109375,4.3,0,0,0,0,0,999,"999"
"2024-10-30 13:45:00",0.109375,4.5,0,0,0,0,0,999,"999"
"2024-10-30 14:00:00",0.109375,4.5,0,0,0,0,0,999,"999"
"2024-10-30 14:15:00",0.109375,4.3,0,0,0,0,0,999,"999"
"2024-10-30 14:30:00",0.109375,4.5,0,0,0,0,0,999,"999"
"2024-10-30 14:45:00",0.109375,4.7,0,0,0,0,0,999,"999"
"2024-10-30 15:00:00",0.015625,4.5,0,0,0,0,0,999,"999"
"2024-10-30 15:15:00",0.015625,4.5,0,0,0,0,0,999,"999"
"2024-10-30 15:30:00",0.015625,4.3,0,0,0,0,0,999,"999"
"2024-10-30 15:45:00",0.015625,4.3,0,0,0,0,0,999,"999"
"2024-10-30 16:00:00",0.015625,4.5,0,0,0,0,0,999,"999"
"2024-10-30 16:15:00",0.015625,4.5,0,0,0,0,0,999,"999"
"2024-10-30 16:30:00",0.015625,4.3,0,0,0,0,0,999,"999"
"2024-10-30 16:45:00",0.015625,4.3,0,0,0,0,0,999,"999"
"2024-10-30 17:00:00",0.015625,4,0,0,0,0,0,999,"999"
"2024-10-30 17:15:00",0.015625,4.5,0,0,0,0,0,999,"999"
"2024-10-30 17:30:00",0.015625,4.3,0,0,0,0,0,999,"999"
"2024-10-30 17:45:00",0.015625,4.4,0,0,0,0,0,999,"999"
"2024-10-30 18:00:00",0.015625,4.4,0,0,0,0,0,999,"999"
"2024-10-30 18:15:00",0.015625,4.3,0,0,0,0,0,999,"999"
"2024-10-30 18:30:00",0.015625,4.7,0,0,0,0,0,999,"999"
"2024-10-30 18:45:00",0.015625,4.3,0,0,0,0,0,999,"999"
"2024-10-30 19:00:00",0.015625,4.4,0,0,0,0,0,999,"999"
"2024-10-30 19:15:00",0.015625,4.4,0,0,0,0,0,999,"999"
"2024-10-30 19:30:00",0.015625,4.4,0,0,0,0,0,999,"999"
"2024-10-30 19:45:00",0.015625,4.5,0,0,0,0,0,999,"999"
"2024-10-30 20:00:00",0.015625,4.5,0,0,0,0,0,999,"999"
"2024-10-30 20:15:00",0.015625,4.5,0,0,0,0,0,999,"999"
"2024-10-30 20:30:00",0.015625,4.7,0,0,0,0,0,999,"999"
"2024-10-30 20:45:00",0.015625,4.5,0,0,0,0,0,999,"999"
"2024-10-30 21:00:00",0.015625,4.3,0,0,0,0,0,999,"999"
"2024-10-30 21:15:00",0.015625,4.8,0,0,0,0,0,999,"999"
"2024-10-30 21:30:00",0.015625,4.2,0,0,0,0,0,999,"999"
"2024-10-30 21:45:00",0.015625,4.5,0,0,0,0,0,999,"999"
"2024-10-30 22:00:00",0.015625,4.3,0,0,0,0,0,999,"999"
"2024-10-30 22:15:00",0.015625,4.4,0,0,0,0,0,999,"999"
"2024-10-30 22:30:00",0.015625,4.3,0,0,0,0,0,999,"999"
"2024-10-30 22:45:00",0.015625,4.5,0,0,0,0,0,999,"999"
"2024-10-30 23:00:00",0.015625,4.4,0,0,0,0,0,999,"999"
"2024-10-30 23:15:00",0.015625,4.3,0,0,0,0,0,999,"999"
"2024-10-30 23:30:00",0.015625,4.5,0,0,0,0,0,999,"999"
"2024-10-30 23:45:00",0.015625,4.3,0,0,0,0,0,999,"999"
"2024-10-31 00:00:00",0.015625,4.2,0,0,0,0,0,999,"999"
"2024-10-31 00:15:00",0.015625,4.2,0,0,0,0,0,999,"999"
"2024-10-31 00:30:00",0.015625,4.2,0,0,0,0,0,999,"999"
"2024-10-31 00:45:00",0.015625,4.5,0,0,0,0,0,999,"999"
"2024-10-31 01:00:00",0.015625,4.4,0,0,0,0,0,999,"999"
"2024-10-31 01:15:00",0.015625,4.3,0,0,0,0,0,999,"999"
"2024-10-31 01:30:00",0.015625,4.3,0,0,0,0,0,999,"999"
"2024-10-31 01:45:00",0.015625,4.5,0,0,0,0,0,999,"999"
"2024-10-31 02:00:00",0.015625,4.2,0,0,0,0,0,999,"999"
"2024-10-31 02:15:00",0.015625,4.2,0,0,0,0,0,999,"999"
"2024-10-31 02:30:00",0.015625,4.1,0,0,0,0,0,999,"999"
"2024-10-31 02:45:00",0.015625,4.2,0,0,0,0,0,999,"999"
"2024-10-31 03:00:00",0.015625,4.3,0,0,0,0,0,999,"999"
"2024-10-31 03:15:00",0.015625,4.5,0,0,0,0,0,999,"999"
"2024-10-31 03:30:00",0.015625,4,0,0,0,0,0,999,"999"
"2024-10-31 03:45:00",0.015625,4.5,0,0,0,0,0,999,"999"
"2024-10-31 04:00:00",0.015625,4.3,0,0,0,0,0,999,"999"
"2024-10-31 04:15:00",0.015625,4.1,0,0,0,0,0,999,"999"
"2024-10-31 04:30:00",0.015625,4.2,0,0,0,0,0,999,"999"
"2024-10-31 04:45:00",0.015625,4.3,0,0,0,0,0,999,"999"
"2024-10-31 05:00:00",0.015625,3.9,0,0,0,0,0,999,"999"
"2024-10-31 05:15:00",0.015625,3.9,0,0,0,0,0,999,"999"
"2024-10-31 05:30:00",0.109375,4,0,0,0,0,0,999,"999"
"2024-10-31 05:45:00",0.109375,4.2,0,0,0,0,0,999,"999"
"2024-10-31 06:00:00",0.109375,4,0,0,0,0,0,999,"999"
"2024-10-31 06:15:00",0.109375,4,0,0,0,0,0,999,"999"
"2024-10-31 06:30:00",0.109375,4,0,0,0,0,0,999,"999"
"2024-10-31 06:45:00",0.109375,4.1,0,0,0,0,0,999,"999"
"2024-10-31 07:00:00",0.015625,4,0,0,0,0,0,999,"999"
"2024-10-31 07:15:00",0.015625,4.3,0,0,0,0,0,999,"999"
"2024-10-31 07:30:00",0.015625,4.2,0,0,0,0,0,999,"999"
"2024-10-31 07:45:00",0.015625,3.9,0,0,0,0,0,999,"999"
"2024-10-31 08:00:00",0.015625,4,0,0,0,0,0,999,"999"
"2024-10-31 08:15:00",0.015625,3.9,0,0,0,0,0,999,"999"
"2024-10-31 08:30:00",0.015625,4.2,0,0,0,0,0,999,"999"
"2024-10-31 08:45:00",0.015625,3.9,0,0,0,0,0,999,"999"
"2024-10-31 09:00:00",0.015625,4.1,0,0,0,0,0,999,"999"
"2024-10-31 09:15:00",0.015625,4,0,0,0,0,0,999,"999"
"2024-10-31 09:30:00",0.015625,4,0,0,0,0,0,999,"999"
"2024-10-31 09:45:00",0.015625,3.9,0,0,0,0,0,999,"999"
"2024-10-31 10:00:00",0.015625,3.9,0,0,0,0,0,999,"999"
"2024-10-31 10:15:00",0.015625,4,0,0,0,0,0,999,"999"
"2024-10-31 10:30:00",0.015625,4.1,0,0,0,0,0,999,"999"
"2024-10-31 10:45:00",0.015625,4.5,0,0,0,0,0,999,"999"
"2024-10-31 11:00:00",0.015625,4.2,0,0,0,0,0,999,"999"
"2024-10-31 11:15:00",0.015625,4,0,0,0,0,0,999,"999"
"2024-10-31 11:30:00",0.015625,4.1,0,0,0,0,0,999,"999"
"2024-10-31 11:45:00",0.015625,4,0,0,0,0,0,999,"999"
"2024-10-31 12:00:00",0.015625,4,0,0,0,0,0,999,"999"
"2024-10-31 12:15:00",0.015625,4,0,0,0,0,0,999,"999"
"2024-10-31 12:30:00",0.015625,3.9,0,0,0,0,0,999,"999"
"2024-10-31 12:45:00",0.015625,3.9,0,0,0,0,0,999,"999"
"2024-10-31 13:00:00",0.015625,3.9,0,0,0,0,0,999,"999"
"2024-10-31 13:15:00",0.015625,4,0,0,0,0,0,999,"999"
"2024-10-31 13:30:00",0.015625,3.9,0,0,0,0,0,999,"999"
"2024-10-31 13:45:00",0.015625,3.9,0,0,0,0,0,999,"999"
"2024-10-31 14:00:00",0.015625,3.8,0,0,0,0,0,999,"999"
"2024-10-31 14:15:00",0.015625,3.8,0,0,0,0,0,999,"999"
"2024-10-31 14:30:00",0.015625,3.9,0,0,0,0,0,999,"999"
"2024-10-31 14:45:00",0.015625,3.6,0,0,0,0,0,999,"999"
"2024-10-31 15:00:00",0.015625,3.6,0,0,0,0,0,999,"999"
"2024-10-31 15:15:00",0.015625,3.7,0,0,0,0,0,999,"999"
"2024-10-31 15:30:00",0.015625,3.7,0,0,0,0,0,999,"999"
"2024-10-31 15:45:00",0.015625,3.7,0,0,0,0,0,999,"999"
"2024-10-31 16:00:00",0.015625,3.6,0,0,0,0,0,999,"999"
"2024-10-31 16:15:00",0.015625,3.5,0,0,0,0,0,999,"999"
"2024-10-31 16:30:00",0.015625,3.6,0,0,0,0,0,999,"999"
"2024-10-31 16:45:00",0.015625,3.8,0,0,0,0,0,999,"999"
"2024-10-31 17:00:00",0.015625,4.2,0,0,0,0,0,999,"999"
"2024-10-31 17:15:00",0.015625,3.6,0,0,0,0,0,999,"999"
"2024-10-31 17:30:00",0.015625,3.8,0,0,0,0,0,999,"999"
"2024-10-31 17:45:00",0.015625,3.8,0,0,0,0,0,999,"999"
"2024-10-31 18:00:00",0.015625,3.6,0,0,0,0,0,999,"999"
"2024-10-31 18:15:00",0.015625,3.7,0,0,0,0,0,999,"999"
"2024-10-31 18:30:00",0.015625,3.6,0,0,0,0,0,999,"999"
"2024-10-31 18:45:00",0.015625,3.9,0,0,0,0,0,999,"999"
"2024-10-31 19:00:00",0.015625,3.9,0,0,0,0,0,999,"999"
"2024-10-31 19:15:00",0.015625,3.7,0,0,0,0,0,999,"999"
"2024-10-31 19:30:00",0.015625,3.6,0,0,0,0,0,999,"999"
"2024-10-31 19:45:00",0.015625,3.6,0,0,0,0,0,999,"999"
"2024-10-31 20:00:00",0.015625,3.9,0,0,0,0,0,999,"999"
"2024-10-31 20:15:00",0.015625,3.8,0,0,0,0,0,999,"999"
"2024-10-31 20:30:00",0.015625,3.9,0,0,0,0,0,999,"999"
"2024-10-31 20:45:00",0.015625,3.9,0,0,0,0,0,999,"999"
"2024-10-31 21:00:00",0.015625,4,0,0,0,0,0,999,"999"
"2024-10-31 21:15:00",0.015625,3.8,0,0,0,0,0,999,"999"
"2024-10-31 21:30:00",0.015625,3.9,0,0,0,0,0,999,"999"
"2024-10-31 21:45:00",0.015625,3.9,0,0,0,0,0,999,"999"
"2024-10-31 22:00:00",0.015625,4.2,0,0,0,0,0,999,"999"
"2024-10-31 22:15:00",0.015625,3.7,0,0,0,0,0,999,"999"
"2024-10-31 22:30:00",0.015625,3.9,0,0,0,0,0,999,"999"
"2024-10-31 22:45:00",0.015625,3.9,0,0,0,0,0,999,"999"
"2024-10-31 23:00:00",0.015625,3.7,0,0,0,0,0,999,"999"
"2024-10-31 23:15:00",0.015625,3.7,0,0,0,0,0,999,"999"
"2024-10-31 23:30:00",0.015625,3.7,0,0,0,0,0,999,"999"
"2024-10-31 23:45:00",0.015625,3.6,0,0,0,0,0,999,"999"
"2024-11-01 00:00:00",0.015625,3.4,0,0,0,0,0,999,"999"
"2024-11-01 00:15:00",0.015625,3.7,0,0,0,0,0,999,"999"
"2024-11-01 00:30:00",0.015625,3.6,0,0,0,0,0,999,"999"
"2024-11-01 00:45:00",0.015625,3.8,0,0,0,0,0,999,"999"
"2024-11-01 01:00:00",0.015625,3.6,0,0,0,0,0,999,"999"
"2024-11-01 01:15:00",0.015625,3.8,0,0,0,0,0,999,"999"
"2024-11-01 01:30:00",0.015625,3.6,0,0,0,0,0,999,"999"
"2024-11-01 01:45:00",0.015625,3.4,0,0,0,0,0,999,"999"
"2024-11-01 02:00:00",0.015625,3.4,0,0,0,0,0,999,"999"
"2024-11-01 02:15:00",0.015625,3.6,0,0,0,0,0,999,"999"
"2024-11-01 02:30:00",0.015625,3.7,0,0,0,0,0,999,"999"
"2024-11-01 02:45:00",0.015625,3.3,0,0,0,0,0,999,"999"
"2024-11-01 03:00:00",0.015625,3.4,0,0,0,0,0,999,"999"
"2024-11-01 03:15:00",0.015625,3.6,0,0,0,0,0,999,"999"
"2024-11-01 03:30:00",0.015625,3.4,0,0,0,0,0,999,"999"
"2024-11-01 03:45:00",0.015625,3.4,0,0,0,0,0,999,"999"
"2024-11-01 04:00:00",0.015625,3.4,0,0,0,0,0,999,"999"
"2024-11-01 04:15:00",0.015625,3.4,0,0,0,0,0,999,"999"
"2024-11-01 04:30:00",0.015625,3.6,0,0,0,0,0,999,"999"
"2024-11-01 04:45:00",0.015625,3.5,0,0,0,0,0,999,"999"
"2024-11-01 05:00:00",0.015625,3.3,0,0,0,0,0,999,"999"
"2024-11-01 05:15:00",0.015625,4.2,0,0,0,0,0,999,"999"
"2024-11-01 05:30:00",0.109375,3.6,0,0,0,0,0,999,"999"
"2024-11-01 05:45:00",0.109375,3.2,0,0,0,0,0,999,"999"
"2024-11-01 06:00:00",0.109375,3.3,0,0,0,0,0,999,"999"
"2024-11-01 06:15:00",0.109375,3.2,0,0,0,0,0,999,"999"
"2024-11-01 06:30:00",0.109375,3.4,0,0,0,0,0,999,"999"
"2024-11-01 06:45:00",0.109375,3.6,0,0,0,0,0,999,"999"
"2024-11-01 07:00:00",0.015625,3.3,0,0,0,0,0,999,"999"
"2024-11-01 07:15:00",0.015625,3.6,0,0,0,0,0,999,"999"
"2024-11-01 07:30:00",0.015625,3.4,0,0,0,0,0,999,"999"
"2024-11-01 07:45:00",0.015625,3.3,0,0,0,0,0,999,"999"
"2024-11-01 08:00:00",0.015625,3.4,0,0,0,0,0,999,"999"
"2024-11-01 08:15:00",0.015625,3.4,0,0,0,0,0,999,"999"
"2024-11-01 08:30:00",0.015625,3.5,0,0,0,0,0,999,"999"
"2024-11-01 08:45:00",0.015625,3.4,0,0,0,0,0,999,"999"
"2024-11-01 09:00:00",0.015625,3.3,0,0,0,0,0,999,"999"
"2024-11-01 09:15:00",0.015625,3.2,0,0,0,0,0,999,"999"
"2024-11-01 09:30:00",0.015625,3.6,0,0,0,0,0,999,"999"
"2024-11-01 09:45:00",0.015625,3.6,0,0,0,0,0,999,"999"
"2024-11-01 10:00:00",0.015625,3.5,0,0,0,0,0,999,"999"
"2024-11-01 10:15:00",0.015625,3.4,0,0,0,0,0,999,"999"
"2024-11-01 10:30:00",0.015625,3.2,0,0,0,0,0,999,"999"
"2024-11-01 10:45:00",0.015625,3.7,0,0,0,0,0,999,"999"
"2024-11-01 11:00:00",0.015625,3.5,0,0,0,0,0,999,"999"
"2024-11-01 11:15:00",0.015625,3.3,0,0,0,0,0,999,"999"
"2024-11-01 11:30:00",0.015625,3.5,0,0,0,0,0,999,"999"
"2024-11-01 11:45:00",0.015625,3.4,0,0,0,0,0,999,"999"
"2024-11-01 12:00:00",0.015625,3.5,0,0,0,0,0,999,"999"
"2024-11-01 12:15:00",0.015625,3.6,0,0,0,0,0,999,"999"
"2024-11-01 12:30:00",0.015625,3.4,0,0,0,0,0,999,"999"
"2024-11-01 12:45:00",0.015625,3.3,0,0,0,0,0,999,"999"
"2024-11-01 13:00:00",0.015625,3.4,0,0,0,0,0,999,"999"
"2024-11-01 13:15:00",0.015625,3.3,0,0,0,0,0,999,"999"
"2024-11-01 13:30:00",0.015625,3.2,0,0,0,0,0,999,"999"
"2024-11-01 13:45:00",0.015625,3.2,0,0,0,0,0,999,"999"
"2024-11-01 14:00:00",0.015625,3.1,0,0,0,0,0,999,"999"
"2024-11-01 14:15:00",0.015625,3.4,0,0,0,0,0,999,"999"
"2024-11-01 14:30:00",0.015625,3.5,0,0,0,0,0,999,"999"
"2024-11-01 14:45:00",0.015625,3.5,0,0,0,0,0,999,"999"
"2024-11-01 15:00:00",0.015625,3.3,0,0,0,0,0,999,"999"
"2024-11-01 15:15:00",0.015625,3.5,0,0,0,0,0,999,"999"
"2024-11-01 15:30:00",0.015625,3.3,0,0,0,0,0,999,"999"
"2024-11-01 15:45:00",0.015625,3.5,0,0,0,0,0,999,"999"
"2024-11-01 16:00:00",0.015625,3.2,0,0,0,0,0,999,"999"
"2024-11-01 16:15:00",0.015625,3.4,0,0,0,0,0,999,"999"
"2024-11-01 16:30:00",0.015625,3.7,0,0,0,0,0,999,"999"
"2024-11-01 16:45:00",0.015625,3,0,0,0,0,0,999,"999"
"2024-11-01 17:00:00",0.109375,3.2,0,0,0,0,0,999,"999"
"2024-11-01 17:15:00",0.109375,3.4,0,0,0,0,0,999,"999"
"2024-11-01 17:30:00",0.109375,2.9,0,0,0,0,0,999,"999"
"2024-11-01 17:45:00",0.34375,3.2,0,0,0,0,0,999,"999"
"2024-11-01 18:00:00",0.34375,3.2,0,0,0,0,0,999,"999"
"2024-11-01 18:15:00",0.34375,3.4,0,0,0,0,0,999,"999"
"2024-11-01 18:30:00",0.109375,3.4,0,0,0,0,0,999,"999"
"2024-11-01 18:45:00",0.109375,3.3,0,0,0,0,0,999,"999"
"2024-11-01 19:00:00",0.109375,3.3,0,0,0,0,0,999,"999"
"2024-11-01 19:15:00",0.015625,3.4,0,0,0,0,0,999,"999"
"2024-11-01 19:30:00",0.015625,3.3,0,0,0,0,0,999,"999"
"2024-11-01 19:45:00",0.015625,3.7,0,0,0,0,0,999,"999"
"2024-11-01 20:00:00",0.015625,3.4,0,0,0,0,0,999,"999"
"2024-11-01 20:15:00",0.015625,3.4,0,0,0,0,0,999,"999"
"2024-11-01 20:30:00",0.015625,3.6,0,0,0,0,0,999,"999"
"2024-11-01 20:45:00",0.015625,3.4,0,0,0,0,0,999,"999"
"2024-11-01 21:00:00",0.015625,3.2,0,0,0,0,0,999,"999"
"2024-11-01 21:15:00",0.015625,3.4,0,0,0,0,0,999,"999"
"2024-11-01 21:30:00",0.015625,3.5,0,0,0,0,0,999,"999"
"2024-11-01 21:45:00",0.015625,3.6,0,0,0,0,0,999,"999"
"2024-11-01 22:00:00",0.015625,3.6,0,0,0,0,0,999,"999"
"2024-11-01 22:15:00",0.015625,3.6,0,0,0,0,0,999,"999"
"2024-11-01 22:30:00",0.015625,3.4,0,0,0,0,0,999,"999"
"2024-11-01 22:45:00",0.015625,3.6,0,0,0,0,0,999,"999"
"2024-11-01 23:00:00",0.015625,3.5,0,0,0,0,0,999,"999"
"2024-11-01 23:15:00",0.015625,3.6,0,0,0,0,0,999,"999"
"2024-11-01 23:30:00",0.015625,3.4,0,0,0,0,0,999,"999"
"2024-11-01 23:45:00",0.015625,3.6,0,0,0,0,0,999,"999"
"2024-11-02 00:00:00",0.015625,3.7,0,0,0,0,0,999,"999"
"2024-11-02 00:15:00",0.015625,3.4,0,0,0,0,0,999,"999"
"2024-11-02 00:30:00",0.015625,3.4,0,0,0,0,0,999,"999"
"2024-11-02 00:45:00",0.015625,3.3,0,0,0,0,0,999,"999"
"2024-11-02 01:00:00",0.015625,3.6,0,0,0,0,0,999,"999"
"2024-11-02 01:15:00",0.015625,3.6,0,0,0,0,0,999,"999"
"2024-11-02 01:30:00",0.015625,3.6,0,0,0,0,0,999,"999"
"2024-11-02 01:45:00",0.015625,3.4,0,0,0,0,0,999,"999"
"2024-11-02 02:00:00",0.015625,3.6,0,0,0,0,0,999,"999"
"2024-11-02 02:15:00",0.015625,3.4,0,0,0,0,0,999,"999"
"2024-11-02 02:30:00",0.015625,3.4,0,0,0,0,0,999,"999"
"2024-11-02 02:45:00",0.015625,3.4,0,0,0,0,0,999,"999"
"2024-11-02 03:00:00",0.015625,3.3,0,0,0,0,0,999,"999"
"2024-11-02 03:15:00",0.015625,3.4,0,0,0,0,0,999,"999"
"2024-11-02 03:30:00",0.015625,3.6,0,0,0,0,0,999,"999"
"2024-11-02 03:45:00",0.015625,3.4,0,0,0,0,0,999,"999"
"2024-11-02 04:00:00",0.015625,3.5,0,0,0,0,0,999,"999"
"2024-11-02 04:15:00",0.015625,3.4,0,0,0,0,0,999,"999"
"2024-11-02 04:30:00",0.015625,3.5,0,0,0,0,0,999,"999"
"2024-11-02 04:45:00",0.015625,3.3,0,0,0,0,0,999,"999"
"2024-11-02 05:00:00",0.015625,3.4,0,0,0,0,0,999,"999"
"2024-11-02 05:15:00",0.015625,3.4,0,0,0,0,0,999,"999"
"2024-11-02 05:30:00",0.015625,3.3,0,0,0,0,0,999,"999"
"2024-11-02 05:45:00",0.015625,3.3,0,0,0,0,0,999,"999"
"2024-11-02 06:00:00",0.015625,3.2,0,0,0,0,0,999,"999"
"2024-11-02 06:15:00",0.015625,3.3,0,0,0,0,0,999,"999"
"2024-11-02 06:30:00",0.015625,3.3,0,0,0,0,0,999,"999"
"2024-11-02 06:45:00",0.015625,3.4,0,0,0,0,0,999,"999"
"2024-11-02 07:00:00",0.015625,3.5,0,0,0,0,0,999,"999"
"2024-11-02 07:15:00",0.015625,3.4,0,0,0,0,0,999,"999"
"2024-11-02 07:30:00",0.015625,3.2,0,0,0,0,0,999,"999"
"2024-11-02 07:45:00",0.015625,3.2,0,0,0,0,0,999,"999"
"2024-11-02 08:00:00",0.015625,3.4,0,0,0,0,0,999,"999"
"2024-11-02 08:15:00",0.015625,3.2,0,0,0,0,0,999,"999"
"2024-11-02 08:30:00",0.015625,3.5,0,0,0,0,0,999,"999"
"2024-11-02 08:45:00",0.015625,3.4,0,0,0,0,0,999,"999"
"2024-11-02 09:00:00",0.015625,3.2,0,0,0,0,0,999,"999"
"2024-11-02 09:15:00",0.015625,3.2,0,0,0,0,0,999,"999"
"2024-11-02 09:30:00",0.015625,3.3,0,0,0,0,0,999,"999"
"2024-11-02 09:45:00",0.015625,3.2,0,0,0,0,0,999,"999"
"2024-11-02 10:00:00",0.015625,3.3,0,0,0,0,0,999,"999"
"2024-11-02 10:15:00",0.015625,3.3,0,0,0,0,0,999,"999"
"2024-11-02 10:30:00",0.015625,3.2,0,0,0,0,0,999,"999"
"2024-11-02 10:45:00",0.015625,3.5,0,0,0,0,0,999,"999"
"2024-11-02 11:00:00",0.109375,3.2,0,0,0,0,0,999,"999"
"2024-11-02 11:15:00",0.109375,3.2,0,0,0,0,0,999,"999"
"2024-11-02 11:30:00",0.109375,3.2,0,0,0,0,0,999,"999"
"2024-11-02 11:45:00",0.109375,3.2,0,0,0,0,0,999,"999"
"2024-11-02 12:00:00",0.109375,3.3,0,0,0,0,0,999,"999"
"2024-11-02 12:15:00",0.109375,3.1,0,0,0,0,0,999,"999"
"2024-11-02 12:30:00",0.015625,3.2,0,0,0,0,0,999,"999"
"2024-11-02 12:45:00",0.015625,3.3,0,0,0,0,0,999,"999"
"2024-11-02 13:00:00",0.015625,3.3,0,0,0,0,0,999,"999"
"2024-11-02 13:15:00",0.015625,3.4,0,0,0,0,0,999,"999"
"2024-11-02 13:30:00",0.015625,3.1,0,0,0,0,0,999,"999"
"2024-11-02 13:45:00",0.015625,3.3,0,0,0,0,0,999,"999"
"2024-11-02 14:00:00",0.015625,3.1,0,0,0,0,0,999,"999"
"2024-11-02 14:15:00",0.015625,3.1,0,0,0,0,0,999,"999"
"2024-11-02 14:30:00",0.015625,3.2,0,0,0,0,0,999,"999"
"2024-11-02 14:45:00",0.015625,3.1,0,0,0,0,0,999,"999"
"2024-11-02 15:00:00",0.015625,3.1,0,0,0,0,0,999,"999"
"2024-11-02 15:15:00",0.015625,3.2,0,0,0,0,0,999,"999"
"2024-11-02 15:30:00",0.015625,2.8,0,0,0,0,0,999,"999"
"2024-11-02 15:45:00",0.109375,3,0,0,0,0,0,999,"999"
"2024-11-02 16:00:00",0.109375,2.9,0,0,0,0,0,999,"999"
"2024-11-02 16:15:00",0.109375,3.1,0,0,0,0,0,999,"999"
"2024-11-02 16:30:00",0.109375,3.2,0,0,0,0,0,999,"999"
"2024-11-02 16:45:00",0.109375,3.1,0,0,0,0,0,999,"999"
"2024-11-02 17:00:00",0.109375,3.1,0,0,0,0,0,999,"999"
"2024-11-02 17:15:00",0.015625,3.1,0,0,0,0,0,999,"999"
"2024-11-02 17:30:00",0.015625,2.9,0,0,0,0,0,999,"999"
"2024-11-02 17:45:00",0.015625,3.2,0,0,0,0,0,999,"999"
"2024-11-02 18:00:00",0.015625,3.4,0,0,0,0,0,999,"999"
"2024-11-02 18:15:00",0.015625,3.2,0,0,0,0,0,999,"999"
"2024-11-02 18:30:00",0.015625,3.1,0,0,0,0,0,999,"999"
"2024-11-02 18:45:00",0.015625,3.1,0,0,0,0,0,999,"999"
"2024-11-02 19:00:00",0.015625,3.1,0,0,0,0,0,999,"999"
"2024-11-02 19:15:00",0.015625,3.2,0,0,0,0,0,999,"999"
"2024-11-02 19:30:00",0.015625,3.2,0,0,0,0,0,999,"999"
"2024-11-02 19:45:00",0.015625,2.8,0,0,0,0,0,999,"999"
"2024-11-02 20:00:00",0.109375,3,0,0,0,0,0,999,"999"
"2024-11-02 20:15:00",0.109375,3.2,0,0,0,0,0,999,"999"
"2024-11-02 20:30:00",0.109375,3.2,0,0,0,0,0,999,"999"
"2024-11-02 20:45:00",0.109375,3.3,0,0,0,0,0,999,"999"
"2024-11-02 21:00:00",0.109375,3.5,0,0,0,0,0,999,"999"
"2024-11-02 21:15:00",0.109375,3.4,0,0,0,0,0,999,"999"
"2024-11-02 21:30:00",0.015625,3.1,0,0,0,0,0,999,"999"
"2024-11-02 21:45:00",0.015625,3.4,0,0,0,0,0,999,"999"
"2024-11-02 22:00:00",0.015625,3.3,0,0,0,0,0,999,"999"
"2024-11-02 22:15:00",0.015625,3.2,0,0,0,0,0,999,"999"
"2024-11-02 22:30:00",0.015625,3.3,0,0,0,0,0,999,"999"
"2024-11-02 22:45:00",0.015625,3.1,0,0,0,0,0,999,"999"
"2024-11-02 23:00:00",0.015625,3.2,0,0,0,0,0,999,"999"
"2024-11-02 23:15:00",0.015625,3.1,0,0,0,0,0,999,"999"
"2024-11-02 23:30:00",0.015625,3.4,0,0,0,0,0,999,"999"
"2024-11-02 23:45:00",0.015625,3.2,0,0,0,0,0,999,"999"
"2024-11-03 00:00:00",0.015625,3.2,0,0,0,0,0,999,"999"
"2024-11-03 00:15:00",0.015625,3.4,0,0,0,0,0,999,"999"
"2024-11-03 00:30:00",0.015625,3.3,0,0,0,0,0,999,"999"
"2024-11-03 00:45:00",0.015625,3.3,0,0,0,0,0,999,"999"
"2024-11-03 01:00:00",0.015625,3.3,0,0,0,0,0,999,"999"
"2024-11-03 01:15:00",0.015625,3,0,0,0,0,0,999,"999"
"2024-11-03 01:30:00",0.015625,3.2,0,0,0,0,0,999,"999"
"2024-11-03 01:45:00",0.015625,3.2,0,0,0,0,0,999,"999"
"2024-11-03 02:00:00",0.015625,3.3,0,0,0,0,0,999,"999"
"2024-11-03 02:15:00",0.015625,3.5,0,0,0,0,0,999,"999"
"2024-11-03 02:30:00",0.015625,3.3,0,0,0,0,0,999,"999"
"2024-11-03 02:45:00",0.015625,3.1,0,0,0,0,0,999,"999"
"2024-11-03 03:00:00",0.015625,3.2,0,0,0,0,0,999,"999"
"2024-11-03 03:15:00",0.015625,3.1,0,0,0,0,0,999,"999"
"2024-11-03 03:30:00",0.015625,3.3,0,0,0,0,0,999,"999"
"2024-11-03 03:45:00",0.015625,3.2,0,0,0,0,0,999,"999"
"2024-11-03 04:00:00",0.015625,3.2,0,0,0,0,0,999,"999"
"2024-11-03 04:15:00",0.015625,3.4,0,0,0,0,0,999,"999"
"2024-11-03 04:30:00",0.015625,3.3,0,0,0,0,0,999,"999"
"2024-11-03 04:45:00",0.015625,3.4,0,0,0,0,0,999,"999"
"2024-11-03 05:00:00",0.015625,3.1,0,0,0,0,0,999,"999"
"2024-11-03 05:15:00",0.015625,3.2,0,0,0,0,0,999,"999"
"2024-11-03 05:30:00",0.015625,3.2,0,0,0,0,0,999,"999"
"2024-11-03 05:45:00",0.015625,3.2,0,0,0,0,0,999,"999"
"2024-11-03 06:00:00",0.015625,3.1,0,0,0,0,0,999,"999"
"2024-11-03 06:15:00",0.109375,3.2,0,0,0,0,0,999,"999"
"2024-11-03 06:30:00",0.109375,3,0,0,0,0,0,999,"999"
"2024-11-03 06:45:00",0.109375,3.1,0,0,0,0,0,999,"999"
"2024-11-03 07:00:00",0.109375,3.2,0,0,0,0,0,999,"999"
"2024-11-03 07:15:00",0.109375,3.2,0,0,0,0,0,999,"999"
"2024-11-03 07:30:00",0.109375,3.2,0,0,0,0,0,999,"999"
"2024-11-03 07:45:00",0.015625,3.2,0,0,0,0,0,999,"999"
"2024-11-03 08:00:00",0.015625,2.9,0,0,0,0,0,999,"999"
"2024-11-03 08:15:00",0.015625,3.2,0,0,0,0,0,999,"999"
"2024-11-03 08:30:00",0.015625,3.2,0,0,0,0,0,999,"999"
"2024-11-03 08:45:00",0.015625,3.2,0,0,0,0,0,999,"999"
"2024-11-03 09:00:00",0.015625,2.9,0,0,0,0,0,999,"999"
"2024-11-03 09:15:00",0.109375,3.2,0,0,0,0,0,999,"999"
"2024-11-03 09:30:00",0.109375,2.9,0,0,0,0,0,999,"999"
"2024-11-03 09:45:00",0.109375,3,0,0,0,0,0,999,"999"
"2024-11-03 10:00:00",0.109375,3,0,0,0,0,0,999,"999"
"2024-11-03 10:15:00",0.109375,3.1,0,0,0,0,0,999,"999"
"2024-11-03 10:30:00",0.109375,3.2,0,0,0,0,0,999,"999"
"2024-11-03 10:45:00",0.015625,3,0,0,0,0,0,999,"999"
"2024-11-03 11:00:00",0.015625,3.2,0,0,0,0,0,999,"999"
"2024-11-03 11:15:00",0.015625,3.1,0,0,0,0,0,999,"999"
"2024-11-03 11:30:00",0.015625,3.1,0,0,0,0,0,999,"999"
"2024-11-03 11:45:00",0.015625,3,0,0,0,0,0,999,"999"
"2024-11-03 12:00:00",0.015625,3.2,0,0,0,0,0,999,"999"
"2024-11-03 12:15:00",0.015625,3.1,0,0,0,0,0,999,"999"
"2024-11-03 12:30:00",0.015625,3.1,0,0,0,0,0,999,"999"
"2024-11-03 12:45:00",0.015625,3.1,0,0,0,0,0,999,"999"
"2024-11-03 13:00:00",0.015625,3.1,0,0,0,0,0,999,"999"
"2024-11-03 13:15:00",0.015625,3.1,0,0,0,0,0,999,"999"
"2024-11-03 13:30:00",0.015625,3.1,0,0,0,0,0,999,"999"
"2024-11-03 13:45:00",0.015625,3.3,0,0,0,0,0,999,"999"
"2024-11-03 14:00:00",0.015625,3,0,0,0,0,0,999,"999"
"2024-11-03 14:15:00",0.015625,3.1,0,0,0,0,0,999,"999"
"2024-11-03 14:30:00",0.015625,3.1,0,0,0,0,0,999,"999"
"2024-11-03 14:45:00",0.015625,3.2,0,0,0,0,0,999,"999"
"2024-11-03 15:00:00",0.015625,3.2,0,0,0,0,0,999,"999"
"2024-11-03 15:15:00",0.015625,3.2,0,0,0,0,0,999,"999"
"2024-11-03 15:30:00",0.015625,3.2,0,0,0,0,0,999,"999"
"2024-11-03 15:45:00",0.015625,3.1,0,0,0,0,0,999,"999"
"2024-11-03 16:00:00",0.015625,3,0,0,0,0,0,999,"999"
"2024-11-03 16:15:00",0.015625,3.1,0,0,0,0,0,999,"999"
"2024-11-03 16:30:00",0.015625,3.1,0,0,0,0,0,999,"999"
"2024-11-03 16:45:00",0.015625,3,0,0,0,0,0,999,"999"
"2024-11-03 17:00:00",0.015625,3.1,0,0,0,0,0,999,"999"
"2024-11-03 17:15:00",0.015625,2.9,0,0,0,0,0,999,"999"
"2024-11-03 17:30:00",0.015625,3,0,0,0,0,0,999,"999"
"2024-11-03 17:45:00",0.015625,3.1,0,0,0,0,0,999,"999"
"2024-11-03 18:00:00",0.015625,3.3,0,0,0,0,0,999,"999"
"2024-11-03 18:15:00",0.015625,3.3,0,0,0,0,0,999,"999"
"2024-11-03 18:30:00",0.015625,3.1,0,0,0,0,0,999,"999"
"2024-11-03 18:45:00",0.015625,2.9,0,0,0,0,0,999,"999"
"2024-11-03 19:00:00",0.015625,3.2,0,0,0,0,0,999,"999"
"2024-11-03 19:15:00",0.015625,3.2,0,0,0,0,0,999,"999"
"2024-11-03 19:30:00",0.015625,3.1,0,0,0,0,0,999,"999"
"2024-11-03 19:45:00",0.015625,3.2,0,0,0,0,0,999,"999"
"2024-11-03 20:00:00",0.015625,3,0,0,0,0,0,999,"999"
"2024-11-03 20:15:00",0.015625,3.8,0,0,0,0,0,999,"999"
"2024-11-03 20:30:00",0.109375,3.3,0,0,0,0,0,999,"999"
"2024-11-03 20:45:00",0.34375,3.3,0,0,0,0,0,999,"999"
"2024-11-03 21:00:00",0.65625,3.1,0,0,0,0,0,999,"999"
"2024-11-03 21:15:00",0.65625,3.3,0,0,0,0,0,999,"999"
"2024-11-03 21:30:00",0.65625,3.2,0,0,0,0,0,999,"999"
"2024-11-03 21:45:00",0.65625,3.2,0,0,0,0,0,999,"999"
"2024-11-03 22:00:00",0.34375,3.3,0,0,0,0,0,999,"999"
"2024-11-03 22:15:00",0.109375,3.2,0,0,0,0,0,999,"999"
"2024-11-03 22:30:00",0.015625,3.4,0,0,0,0,0,999,"999"
"2024-11-03 22:45:00",0.015625,3.1,0,0,0,0,0,999,"999"
"2024-11-03 23:00:00",0.015625,3.2,0,0,0,0,0,999,"999"
"2024-11-03 23:15:00",0.015625,3.3,0,0,0,0,0,999,"999"
"2024-11-03 23:30:00",0.015625,3.1,0,0,0,0,0,999,"999"
"2024-11-03 23:45:00",0.015625,3.3,0,0,0,0,0,999,"999"
"2024-11-04 00:00:00",0.015625,3.2,0,0,0,0,0,999,"999"
"2024-11-04 00:15:00",0.015625,3.3,0,0,0,0,0,999,"999"
"2024-11-04 00:30:00",0.015625,3.1,0,0,0,0,0,999,"999"
"2024-11-04 00:45:00",0.015625,3.2,0,0,0,0,0,999,"999"
"2024-11-04 01:00:00",0.015625,3.6,0,0,0,0,0,999,"999"
"2024-11-04 01:15:00",0.109375,3.4,0,0,0,0,0,999,"999"
"2024-11-04 01:30:00",0.109375,3.1,0,0,0,0,0,999,"999"
"2024-11-04 01:45:00",0.109375,3.2,0,0,0,0,0,999,"999"
"2024-11-04 02:00:00",0.109375,3.2,0,0,0,0,0,999,"999"
"2024-11-04 02:15:00",0.109375,3.5,0,0,0,0,0,999,"999"
"2024-11-04 02:30:00",0.34375,3.2,0,0,0,0,0,999,"999"
"2024-11-04 02:45:00",0.109375,3.4,0,0,0,0,0,999,"999"
"2024-11-04 03:00:00",0.109375,3.4,0,0,0,0,0,999,"999"
"2024-11-04 03:15:00",0.109375,3.1,0,0,0,0,0,999,"999"
"2024-11-04 03:30:00",0.109375,3.4,0,0,0,0,0,999,"999"
"2024-11-04 03:45:00",0.109375,3.4,0,0,0,0,0,999,"999"
"2024-11-04 04:00:00",0.015625,3.2,0,0,0,0,0,999,"999"
"2024-11-04 04:15:00",0.015625,3.2,0,0,0,0,0,999,"999"
"2024-11-04 04:30:00",0.015625,3.2,0,0,0,0,0,999,"999"
"2024-11-04 04:45:00",0.015625,3.3,0,0,0,0,0,999,"999"
"2024-11-04 05:00:00",0.015625,3.4,0,0,0,0,0,999,"999"
"2024-11-04 05:15:00",0.015625,3.1,0,0,0,0,0,999,"999"
"2024-11-04 05:30:00",0.015625,3.2,0,0,0,0,0,999,"999"
"2024-11-04 05:45:00",0.015625,3.4,0,0,0,0,0,999,"999"
"2024-11-04 06:00:00",0.015625,3.2,0,0,0,0,0,999,"999"
"2024-11-04 06:15:00",0.015625,3,0,0,0,0,0,999,"999"
"2024-11-04 06:30:00",0.015625,3.4,0,0,0,0,0,999,"999"
"2024-11-04 06:45:00",0.015625,3.3,0,0,0,0,0,999,"999"
"2024-11-04 07:00:00",0.015625,3.1,0,0,0,0,0,999,"999"
"2024-11-04 07:15:00",0.015625,3.1,0,0,0,0,0,999,"999"
"2024-11-04 07:30:00",0.015625,3.1,0,0,0,0,0,999,"999"
"2024-11-04 07:45:00",0.015625,3.1,0,0,0,0,0,999,"999"
"2024-11-04 08:00:00",0.015625,3.7,0,0,0,0,0,999,"999"
"2024-11-04 08:15:00",0.109375,3.1,0,0,0,0,0,999,"999"
"2024-11-04 08:30:00",0.109375,3.2,0,0,0,0,0,999,"999"
"2024-11-04 08:45:00",0.109375,2.9,0,0,0,0,0,999,"999"
"2024-11-04 09:00:00",0.109375,3.2,0,0,0,0,0,999,"999"
"2024-11-04 09:15:00",0.109375,3.1,0,0,0,0,0,999,"999"
"2024-11-04 09:30:00",0.109375,3.2,0,0,0,0,0,999,"999"
"2024-11-04 09:45:00",0.015625,3.1,0,0,0,0,0,999,"999"
"2024-11-04 10:00:00",0.015625,3.2,0,0,0,0,0,999,"999"
"2024-11-04 10:15:00",0.015625,3.1,0,0,0,0,0,999,"999"
"2024-11-04 10:30:00",0.015625,3.1,0,0,0,0,0,999,"999"
"2024-11-04 10:45:00",0.015625,3.2,0,0,0,0,0,999,"999"
"2024-11-04 11:00:00",0.015625,3.8,0,0,0,0,0,999,"999"
"2024-11-04 11:15:00",0.109375,3.4,0,0,0,0,0,999,"999"
"2024-11-04 11:30:00",0.34375,3.2,0,0,0,0,0,999,"999"
"2024-11-04 11:45:00",0.65625,3.3,0,0,0,0,0,999,"999"
"2024-11-04 12:00:00",0.890625,3.5,0,0,0,0,0,999,"999"
"2024-11-04 12:15:00",0.984375,3.7,0,0,0,0,0,999,"999"
"2024-11-04 12:30:00",1,3.2,0,0,0,1,0,999,"999"
"2024-11-04 12:45:00",1,3.4,0,0,0,0,0,999,"999"
"2024-11-04 13:00:00",1,3.1,0,0,0,0,0,999,"999"
"2024-11-04 13:15:00",1,3.2,0,0,0,0,0,999,"999"
"2024-11-04 13:30:00",1,3.2,0,0,0,0,0,999,"999"
"2024-11-04 13:45:00",1,3.2,0,0,0,0,0,999,"999"
"2024-11-04 14:00:00",1,3.2,0,0,0,0,0,999,"999"
"2024-11-04 14:15:00",1,3.2,0,0,0,0,0,999,"999"
"2024-11-04 14:30:00",1,3,0,0,0,0,0,999,"999"
"2024-11-04 14:45:00",1,3.2,0,0,0,0,0,999,"999"
"2024-11-04 15:00:00",1,3.3,0,0,0,0,0,999,"999"
"2024-11-04 15:15:00",1,3.3,0,0,0,0,1,999,"999"
"2024-11-04 15:30:00",0.015625,3.2,0,0,0,0,0,999,"999"
"2024-11-04 15:45:00",0.015625,3.3,0,0,0,0,0,999,"999"
"2024-11-04 16:00:00",0.015625,3.4,0,0,0,0,0,999,"999"
"2024-11-04 16:15:00",0.015625,3.3,0,0,0,0,0,999,"999"
"2024-11-04 16:30:00",0.015625,3.5,0,0,0,0,0,999,"999"
"2024-11-04 16:45:00",0.015625,3.4,0,0,0,0,0,999,"999"
"2024-11-04 17:00:00",0.015625,3.2,0,0,0,0,0,999,"999"
"2024-11-04 17:15:00",0.015625,3.2,0,0,0,0,0,999,"999"
"2024-11-04 17:30:00",0.015625,3.2,0,0,0,0,0,999,"999"
"2024-11-04 17:45:00",0.015625,3.2,0,0,0,0,0,999,"999"
"2024-11-04 18:00:00",0.015625,3.2,0,0,0,0,0,999,"999"
"2024-11-04 18:15:00",0.015625,2.9,0,0,0,0,0,999,"999"
"2024-11-04 18:30:00",0.015625,3.4,0,0,0,0,0,999,"999"
"2024-11-04 18:45:00",0.015625,3.2,0,0,0,0,0,999,"999"
"2024-11-04 19:00:00",0.015625,3.3,0,0,0,0,0,999,"999"
"2024-11-04 19:15:00",0.015625,3.3,0,0,0,0,0,999,"999"
"2024-11-04 19:30:00",0.015625,3.3,0,0,0,0,0,999,"999"
"2024-11-04 19:45:00",0.015625,3.2,0,0,0,0,0,999,"999"
"2024-11-04 20:00:00",0.015625,3.4,0,0,0,0,0,999,"999"
"2024-11-04 20:15:00",0.015625,3.4,0,0,0,0,0,999,"999"
"2024-11-04 20:30:00",0.015625,3.3,0,0,0,0,0,999,"999"
"2024-11-04 20:45:00",0.015625,3.2,0,0,0,0,0,999,"999"
"2024-11-04 21:00:00",0.015625,3.4,0,0,0,0,0,999,"999"
"2024-11-04 21:15:00",0.015625,3.3,0,0,0,0,0,999,"999"
"2024-11-04 21:30:00",0.015625,3.2,0,0,0,0,0,999,"999"
"2024-11-04 21:45:00",0.015625,3.3,0,0,0,0,0,999,"999"
"2024-11-04 22:00:00",0.015625,3.2,0,0,0,0,0,999,"999"
"2024-11-04 22:15:00",0.015625,3.4,0,0,0,0,0,999,"999"
"2024-11-04 22:30:00",0.015625,3.3,0,0,0,0,0,999,"999"
"2024-11-04 22:45:00",0.015625,4,0,0,0,0,0,999,"999"
"2024-11-04 23:00:00",0.109375,3.4,0,0,0,0,0,999,"999"
"2024-11-04 23:15:00",0.109375,3.3,0,0,0,0,0,999,"999"
"2024-11-04 23:30:00",0.109375,3.1,0,0,0,0,0,999,"999"
"2024-11-04 23:45:00",0.109375,3,0,0,0,0,0,999,"999"
"2024-11-05 00:00:00",0.109375,2.9,0,0,0,0,0,999,"999"
"2024-11-05 00:15:00",0.34375,3,0,0,0,0,0,999,"999"
"2024-11-05 00:30:00",0.34375,2.9,0,0,0,0,0,999,"999"
"2024-11-05 00:45:00",0.65625,3.1,0,0,0,0,0,999,"999"
"2024-11-05 01:00:00",0.65625,3.1,0,0,0,0,0,999,"999"
"2024-11-05 01:15:00",0.65625,3.1,0,0,0,0,0,999,"999"
"2024-11-05 01:30:00",0.65625,2.9,0,0,0,0,0,999,"999"
"2024-11-05 01:45:00",0.34375,2.9,0,0,0,0,0,999,"999"
"2024-11-05 02:00:00",0.109375,3,0,0,0,0,0,999,"999"
"2024-11-05 02:15:00",0.015625,3.2,0,0,0,0,0,999,"999"
"2024-11-05 02:30:00",0.015625,3,0,0,0,0,0,999,"999"
"2024-11-05 02:45:00",0.015625,3,0,0,0,0,0,999,"999"
"2024-11-05 03:00:00",0.015625,3.1,0,0,0,0,0,999,"999"
"2024-11-05 03:15:00",0.015625,2.8,0,0,0,0,0,999,"999"
"2024-11-05 03:30:00",0.015625,3.1,0,0,0,0,0,999,"999"
"2024-11-05 03:45:00",0.015625,3.1,0,0,0,0,0,999,"999"
"2024-11-05 04:00:00",0.015625,3.1,0,0,0,0,0,999,"999"
"2024-11-05 04:15:00",0.015625,3,0,0,0,0,0,999,"999"
"2024-11-05 04:30:00",0.015625,3.1,0,0,0,0,0,999,"999"
"2024-11-05 04:45:00",0.015625,3.1,0,0,0,0,0,999,"999"
"2024-11-05 05:00:00",0.015625,3,0,0,0,0,0,999,"999"
"2024-11-05 05:15:00",0.015625,2.8,0,0,0,0,0,999,"999"
"2024-11-05 05:30:00",0.015625,3.1,0,0,0,0,0,999,"999"
"2024-11-05 05:45:00",0.015625,3.1,0,0,0,0,0,999,"999"
"2024-11-05 06:00:00",0.015625,2.8,0,0,0,0,0,999,"999"
"2024-11-05 06:15:00",0.015625,2.9,0,0,0,0,0,999,"999"
"2024-11-05 06:30:00",0.015625,2.8,0,0,0,0,0,999,"999"
"2024-11-05 06:45:00",0.015625,2.8,0,0,0,0,0,999,"999"
"2024-11-05 07:00:00",0.015625,2.9,0,0,0,0,0,999,"999"
"2024-11-05 07:15:00",0.015625,3.4,0,0,0,0,0,999,"999"
"2024-11-05 07:30:00",0.015625,3,0,0,0,0,0,999,"999"
"2024-11-05 07:45:00",0.015625,2.9,0,0,0,0,0,999,"999"
"2024-11-05 08:00:00",0.015625,2.9,0,0,0,0,0,999,"999"
"2024-11-05 08:15:00",0.015625,3.2,0,0,0,0,0,999,"999"
"2024-11-05 08:30:00",0.015625,3.1,0,0,0,0,0,999,"999"
"2024-11-05 08:45:00",0.015625,3.1,0,0,0,0,0,999,"999"
"2024-11-05 09:00:00",0.015625,2.8,0,0,0,0,0,999,"999"
"2024-11-05 09:15:00",0.015625,2.9,0,0,0,0,0,999,"999"
"2024-11-05 09:30:00",0.015625,2.9,0,0,0,0,0,999,"999"
"2024-11-05 09:45:00",0.015625,2.9,0,0,0,0,0,999,"999"
"2024-11-05 10:00:00",0.015625,2.9,0,0,0,0,0,999,"999"
"2024-11-05 10:15:00",0.015625,2.9,0,0,0,0,0,999,"999"
"2024-11-05 10:30:00",0.015625,2.9,0,0,0,0,0,999,"999"
"2024-11-05 10:45:00",0.015625,3.1,0,0,0,0,0,999,"999"
"2024-11-05 11:00:00",0.015625,3.1,0,0,0,0,0,999,"999"
"2024-11-05 11:15:00",0.015625,2.9,0,0,0,0,0,999,"999"
"2024-11-05 11:30:00",0.015625,3,0,0,0,0,0,999,"999"
"0",0,0,0,0,0,0,0,999,"999"
